0	NaN	1.0	1.0	1.0	NaN	1.0	1.0	1.0	1.0	1.0	1.0	1.0	1.0	1.0	1.0	NaN	1.0	1.0	1.0	1.0	1.0	1.0	1.0	1.0	1.0	1.0	
NaN	0	NaN	NaN	NaN	NaN	NaN	NaN	NaN	NaN	NaN	NaN	NaN	NaN	NaN	NaN	NaN	NaN	NaN	NaN	NaN	NaN	NaN	NaN	NaN	NaN	NaN	
1.0	NaN	0	1.0	1.0	NaN	1.0	1.0	1.0	0.9714285714285714	1.0	0.9166666666666666	0.9705882352941176	0.9347826086956522	1.0	0.98989898989899	NaN	1.0	0.9615384615384616	0.9907407407407407	0.9726027397260274	1.0	0.9473684210526315	1.0	0.75	0.9726027397260274	0.9714285714285714	
1.0	NaN	1.0	0	1.0	NaN	1.0	1.0	1.0	0.9428571428571428	1.0	1.0	0.8823529411764706	1.0	1.0	0.8888888888888888	NaN	0.8888888888888888	0.9444444444444444	0.8888888888888888	0.9444444444444444	1.0	0.7894736842105263	0.5	1.0	0.9444444444444444	1.0	
1.0	NaN	1.0	1.0	0	NaN	0.0	1.0	1.0	1.0	1.0	1.0	1.0	1.0	1.0	1.0	NaN	0.9	1.0	0.7	1.0	1.0	1.0	1.0	1.0	1.0	0.55	
NaN	NaN	NaN	NaN	NaN	0	NaN	NaN	NaN	NaN	NaN	NaN	NaN	NaN	NaN	NaN	NaN	NaN	NaN	NaN	NaN	NaN	NaN	NaN	NaN	NaN	NaN	
1.0	NaN	1.0	1.0	0.0	NaN	0	1.0	1.0	1.0	1.0	1.0	1.0	1.0	1.0	1.0	NaN	1.0	1.0	0.0	1.0	1.0	1.0	1.0	1.0	1.0	0.0	
1.0	NaN	1.0	1.0	1.0	NaN	1.0	0	0.8518518518518519	1.0	0.7407407407407407	1.0	1.0	1.0	1.0	1.0	NaN	1.0	1.0	1.0	1.0	1.0	1.0	1.0	1.0	1.0	1.0	
1.0	NaN	1.0	1.0	1.0	NaN	1.0	0.8518518518518519	0	1.0	0.8518518518518519	1.0	1.0	1.0	1.0	1.0	NaN	0.875	1.0	1.0	1.0	1.0	1.0	1.0	1.0	1.0	1.0	
1.0	NaN	0.9714285714285714	0.9428571428571428	1.0	NaN	1.0	1.0	1.0	0	1.0	0.9583333333333334	0.17647058823529413	0.9428571428571428	1.0	0.8571428571428571	NaN	0.9428571428571428	0.8	0.8571428571428571	0.8	1.0	0.7368421052631579	0.25	0.875	0.8	0.9142857142857143	
1.0	NaN	1.0	1.0	1.0	NaN	1.0	0.7407407407407407	0.8518518518518519	1.0	0	1.0	1.0	1.0	1.0	1.0	NaN	1.0	1.0	1.0	1.0	1.0	1.0	1.0	1.0	1.0	1.0	
1.0	NaN	0.9166666666666666	1.0	1.0	NaN	1.0	1.0	1.0	0.9583333333333334	1.0	0	0.9583333333333334	0.9166666666666666	1.0	0.9583333333333334	NaN	1.0	0.9166666666666666	0.9583333333333334	0.875	1.0	0.9473684210526315	1.0	0.75	0.875	0.9166666666666666	
1.0	NaN	0.9705882352941176	0.8823529411764706	1.0	NaN	1.0	1.0	1.0	0.17647058823529413	1.0	0.9583333333333334	0	0.9411764705882353	1.0	0.7941176470588235	NaN	0.8823529411764706	0.8529411764705882	0.7941176470588235	0.8529411764705882	1.0	0.631578947368421	0.5	0.875	0.8529411764705882	0.9117647058823529	
1.0	NaN	0.9347826086956522	1.0	1.0	NaN	1.0	1.0	1.0	0.9428571428571428	1.0	0.9166666666666666	0.9411764705882353	0	1.0	0.9565217391304348	NaN	1.0	0.9347826086956522	0.8913043478260869	0.9347826086956522	1.0	0.8947368421052632	1.0	0.75	0.9347826086956522	0.9347826086956522	
1.0	NaN	1.0	1.0	1.0	NaN	1.0	1.0	1.0	1.0	1.0	1.0	1.0	1.0	0	1.0	NaN	1.0	1.0	1.0	1.0	1.0	1.0	1.0	1.0	1.0	1.0	
1.0	NaN	0.98989898989899	0.8888888888888888	1.0	NaN	1.0	1.0	1.0	0.8571428571428571	1.0	0.9583333333333334	0.7941176470588235	0.9565217391304348	1.0	0	NaN	0.9555555555555556	0.8846153846153846	0.9191919191919192	0.9315068493150684	1.0	0.631578947368421	0.5	0.875	0.9315068493150684	0.9571428571428572	
NaN	NaN	NaN	NaN	NaN	NaN	NaN	NaN	NaN	NaN	NaN	NaN	NaN	NaN	NaN	NaN	0	NaN	NaN	NaN	NaN	NaN	NaN	NaN	NaN	NaN	NaN	
1.0	NaN	1.0	0.8888888888888888	0.9	NaN	1.0	1.0	0.875	0.9428571428571428	1.0	1.0	0.8823529411764706	1.0	1.0	0.9555555555555556	NaN	0	0.9615384615384616	0.9555555555555556	0.9726027397260274	1.0	0.7894736842105263	0.5	1.0	0.9726027397260274	0.9714285714285714	
1.0	NaN	0.9615384615384616	0.9444444444444444	1.0	NaN	1.0	1.0	1.0	0.8	1.0	0.9166666666666666	0.8529411764705882	0.9347826086956522	1.0	0.8846153846153846	NaN	0.9615384615384616	0	0.9038461538461539	0.8461538461538461	1.0	0.7368421052631579	0.25	0.75	0.8461538461538461	0.6153846153846154	
1.0	NaN	0.9907407407407407	0.8888888888888888	0.7	NaN	0.0	1.0	1.0	0.8571428571428571	1.0	0.9583333333333334	0.7941176470588235	0.8913043478260869	1.0	0.9191919191919192	NaN	0.9555555555555556	0.9038461538461539	0	0.9315068493150684	1.0	0.631578947368421	0.5	0.875	0.9315068493150684	0.8714285714285714	
1.0	NaN	0.9726027397260274	0.9444444444444444	1.0	NaN	1.0	1.0	1.0	0.8	1.0	0.875	0.8529411764705882	0.9347826086956522	1.0	0.9315068493150684	NaN	0.9726027397260274	0.8461538461538461	0.9315068493150684	0	1.0	0.7368421052631579	0.25	0.75	0.0	0.9428571428571428	
1.0	NaN	1.0	1.0	1.0	NaN	1.0	1.0	1.0	1.0	1.0	1.0	1.0	1.0	1.0	1.0	NaN	1.0	1.0	1.0	1.0	0	1.0	1.0	1.0	1.0	1.0	
1.0	NaN	0.9473684210526315	0.7894736842105263	1.0	NaN	1.0	1.0	1.0	0.7368421052631579	1.0	0.9473684210526315	0.631578947368421	0.8947368421052632	1.0	0.631578947368421	NaN	0.7894736842105263	0.7368421052631579	0.631578947368421	0.7368421052631579	1.0	0	0.5	0.875	0.7368421052631579	0.8421052631578947	
1.0	NaN	1.0	0.5	1.0	NaN	1.0	1.0	1.0	0.25	1.0	1.0	0.5	1.0	1.0	0.5	NaN	0.5	0.25	0.5	0.25	1.0	0.5	0	1.0	0.25	1.0	
1.0	NaN	0.75	1.0	1.0	NaN	1.0	1.0	1.0	0.875	1.0	0.75	0.875	0.75	1.0	0.875	NaN	1.0	0.75	0.875	0.75	1.0	0.875	1.0	0	0.75	0.75	
1.0	NaN	0.9726027397260274	0.9444444444444444	1.0	NaN	1.0	1.0	1.0	0.8	1.0	0.875	0.8529411764705882	0.9347826086956522	1.0	0.9315068493150684	NaN	0.9726027397260274	0.8461538461538461	0.9315068493150684	0.0	1.0	0.7368421052631579	0.25	0.75	0	0.9428571428571428	
1.0	NaN	0.9714285714285714	1.0	0.55	NaN	0.0	1.0	1.0	0.9142857142857143	1.0	0.9166666666666666	0.9117647058823529	0.9347826086956522	1.0	0.9571428571428572	NaN	0.9714285714285714	0.6153846153846154	0.8714285714285714	0.9428571428571428	1.0	0.8421052631578947	1.0	0.75	0.9428571428571428	0	
