0	0.0	0.0	0.0	0.75	0.0	0.0	0.0	0.0	0.0	0.0	0.0	NaN	0.0	0.0	0.0	0.75	NaN	0.25	0.0	NaN	0.25	0.75	0.3333333333333333	0.0	0.3333333333333333	0.0	1.0	0.0	0.0	0.0	1.0	0.25	1.0	NaN	0.0	0.0	0.0	0.0	
0.0	0	0.0	0.0	0.75	0.0	0.0	0.0	0.0	0.0	0.0	0.0	NaN	0.0	0.0	0.0	0.75	NaN	0.25	0.0	NaN	0.25	0.75	0.3333333333333333	0.0	0.3333333333333333	0.0	1.0	0.0	0.0	0.0	1.0	0.25	1.0	NaN	0.0	0.0	0.0	0.0	
0.0	0.0	0	0.0	0.75	0.0	0.0	0.0	0.0	0.0	0.0	0.0	NaN	0.0	0.0	0.0	0.75	NaN	0.25	0.0	NaN	0.25	0.75	0.3333333333333333	0.0	0.3333333333333333	0.0	1.0	0.0	0.0	0.0	1.0	0.25	1.0	NaN	0.0	0.0	0.0	0.0	
0.0	0.0	0.0	0	0.8	0.0	0.0	0.0	0.0	0.0	0.0	0.0	NaN	0.0	0.0	0.0	0.75	NaN	0.25	0.0	NaN	0.25	0.75	0.3333333333333333	0.0	0.3333333333333333	0.0	1.0	0.0	0.0	0.0	1.0	0.0	1.0	NaN	0.0	0.0	0.0	0.0	
0.75	0.75	0.75	0.8	0	0.0	0.0	0.8	0.0	0.75	1.0	0.75	NaN	0.8	0.6666666666666666	0.75	0.75	NaN	0.75	0.8	NaN	0.75	0.75	1.0	0.6666666666666666	1.0	0.8	1.0	0.0	0.8	0.8	1.0	1.0	1.0	NaN	0.75	0.0	0.75	0.75	
0.0	0.0	0.0	0.0	0.0	0	0.0	0.0	0.0	0.0	1.0	0.0	NaN	0.0	0.0	0.0	0.0	NaN	0.0	0.0	NaN	0.0	0.0	1.0	0.0	1.0	0.0	1.0	0.0	0.0	0.0	1.0	1.0	1.0	NaN	0.0	0.0	0.0	0.0	
0.0	0.0	0.0	0.0	0.0	0.0	0	0.0	0.0	0.0	1.0	0.0	NaN	0.0	0.0	0.0	0.0	NaN	0.0	0.0	NaN	0.0	0.0	1.0	0.0	1.0	0.0	1.0	0.0	0.0	0.0	1.0	1.0	1.0	NaN	0.0	0.0	0.0	0.0	
0.0	0.0	0.0	0.0	0.8	0.0	0.0	0	0.0	0.0	0.0	0.0	NaN	0.0	0.0	0.0	0.75	NaN	0.25	0.0	NaN	0.25	0.75	0.3333333333333333	0.0	0.3333333333333333	0.0	1.0	0.0	0.0	0.0	1.0	0.0	1.0	NaN	0.0	0.0	0.0	0.0	
0.0	0.0	0.0	0.0	0.0	0.0	0.0	0.0	0	0.0	1.0	0.0	NaN	0.0	0.0	0.0	0.0	NaN	0.0	0.0	NaN	0.0	0.0	1.0	0.0	1.0	0.0	1.0	0.0	0.0	0.0	1.0	1.0	1.0	NaN	0.0	0.0	0.0	0.0	
0.0	0.0	0.0	0.0	0.75	0.0	0.0	0.0	0.0	0	0.0	0.0	NaN	0.0	0.0	0.0	0.75	NaN	0.25	0.0	NaN	0.25	0.75	0.3333333333333333	0.0	0.3333333333333333	0.0	1.0	0.0	0.0	0.0	1.0	0.25	1.0	NaN	0.0	0.0	0.0	0.0	
0.0	0.0	0.0	0.0	1.0	1.0	1.0	0.0	1.0	0.0	0	0.0	NaN	0.0	0.0	0.0	1.0	NaN	1.0	0.0	NaN	1.0	1.0	0.0	0.0	0.0	0.0	1.0	1.0	0.0	0.0	1.0	0.0	1.0	NaN	0.0	1.0	0.0	0.0	
0.0	0.0	0.0	0.0	0.75	0.0	0.0	0.0	0.0	0.0	0.0	0	NaN	0.0	0.0	0.0	0.75	NaN	0.25	0.0	NaN	0.25	0.75	0.3333333333333333	0.0	0.3333333333333333	0.0	1.0	0.0	0.0	0.0	1.0	0.25	1.0	NaN	0.0	0.0	0.0	0.0	
NaN	NaN	NaN	NaN	NaN	NaN	NaN	NaN	NaN	NaN	NaN	NaN	0	NaN	NaN	NaN	NaN	NaN	NaN	NaN	NaN	NaN	NaN	NaN	NaN	NaN	NaN	NaN	NaN	NaN	NaN	NaN	NaN	NaN	NaN	NaN	NaN	NaN	NaN	
0.0	0.0	0.0	0.0	0.8	0.0	0.0	0.0	0.0	0.0	0.0	0.0	NaN	0	0.0	0.0	0.75	NaN	0.25	0.0	NaN	0.25	0.75	0.3333333333333333	0.0	0.3333333333333333	0.0	1.0	0.0	0.0	0.0	1.0	0.0	1.0	NaN	0.0	0.0	0.0	0.0	
0.0	0.0	0.0	0.0	0.6666666666666666	0.0	0.0	0.0	0.0	0.0	0.0	0.0	NaN	0.0	0	0.0	0.6666666666666666	NaN	0.3333333333333333	0.0	NaN	0.3333333333333333	0.6666666666666666	0.3333333333333333	0.0	0.3333333333333333	0.0	1.0	0.0	0.0	0.0	1.0	0.3333333333333333	1.0	NaN	0.0	0.0	0.0	0.0	
0.0	0.0	0.0	0.0	0.75	0.0	0.0	0.0	0.0	0.0	0.0	0.0	NaN	0.0	0.0	0	0.75	NaN	0.25	0.0	NaN	0.25	0.75	0.3333333333333333	0.0	0.3333333333333333	0.0	1.0	0.0	0.0	0.0	1.0	0.25	1.0	NaN	0.0	0.0	0.0	0.0	
0.75	0.75	0.75	0.75	0.75	0.0	0.0	0.75	0.0	0.75	1.0	0.75	NaN	0.75	0.6666666666666666	0.75	0	NaN	0.75	0.75	NaN	0.75	0.0	1.0	0.6666666666666666	1.0	0.75	1.0	0.0	0.75	0.75	1.0	1.0	1.0	NaN	0.75	0.0	0.75	0.75	
NaN	NaN	NaN	NaN	NaN	NaN	NaN	NaN	NaN	NaN	NaN	NaN	NaN	NaN	NaN	NaN	NaN	0	NaN	NaN	NaN	NaN	NaN	NaN	NaN	NaN	NaN	NaN	NaN	NaN	NaN	NaN	NaN	NaN	NaN	NaN	NaN	NaN	NaN	
0.25	0.25	0.25	0.25	0.75	0.0	0.0	0.25	0.0	0.25	1.0	0.25	NaN	0.25	0.3333333333333333	0.25	0.75	NaN	0	0.25	NaN	0.0	0.75	0.6666666666666666	0.3333333333333333	0.6666666666666666	0.25	1.0	0.0	0.25	0.25	1.0	0.5	1.0	NaN	0.25	0.0	0.25	0.25	
0.0	0.0	0.0	0.0	0.8	0.0	0.0	0.0	0.0	0.0	0.0	0.0	NaN	0.0	0.0	0.0	0.75	NaN	0.25	0	NaN	0.25	0.75	0.3333333333333333	0.0	0.3333333333333333	0.0	1.0	0.0	0.0	0.0	1.0	0.0	1.0	NaN	0.0	0.0	0.0	0.0	
NaN	NaN	NaN	NaN	NaN	NaN	NaN	NaN	NaN	NaN	NaN	NaN	NaN	NaN	NaN	NaN	NaN	NaN	NaN	NaN	0	NaN	NaN	NaN	NaN	NaN	NaN	NaN	NaN	NaN	NaN	NaN	NaN	NaN	NaN	NaN	NaN	NaN	NaN	
0.25	0.25	0.25	0.25	0.75	0.0	0.0	0.25	0.0	0.25	1.0	0.25	NaN	0.25	0.3333333333333333	0.25	0.75	NaN	0.0	0.25	NaN	0	0.75	0.6666666666666666	0.3333333333333333	0.6666666666666666	0.25	1.0	0.0	0.25	0.25	1.0	0.5	1.0	NaN	0.25	0.0	0.25	0.25	
0.75	0.75	0.75	0.75	0.75	0.0	0.0	0.75	0.0	0.75	1.0	0.75	NaN	0.75	0.6666666666666666	0.75	0.0	NaN	0.75	0.75	NaN	0.75	0	1.0	0.6666666666666666	1.0	0.75	1.0	0.0	0.75	0.75	1.0	1.0	1.0	NaN	0.75	0.0	0.75	0.75	
0.3333333333333333	0.3333333333333333	0.3333333333333333	0.3333333333333333	1.0	1.0	1.0	0.3333333333333333	1.0	0.3333333333333333	0.0	0.3333333333333333	NaN	0.3333333333333333	0.3333333333333333	0.3333333333333333	1.0	NaN	0.6666666666666666	0.3333333333333333	NaN	0.6666666666666666	1.0	0	0.3333333333333333	0.0	0.3333333333333333	1.0	1.0	0.3333333333333333	0.3333333333333333	1.0	0.3333333333333333	1.0	NaN	0.3333333333333333	1.0	0.3333333333333333	0.3333333333333333	
0.0	0.0	0.0	0.0	0.6666666666666666	0.0	0.0	0.0	0.0	0.0	0.0	0.0	NaN	0.0	0.0	0.0	0.6666666666666666	NaN	0.3333333333333333	0.0	NaN	0.3333333333333333	0.6666666666666666	0.3333333333333333	0	0.3333333333333333	0.0	1.0	0.0	0.0	0.0	1.0	0.3333333333333333	1.0	NaN	0.0	0.0	0.0	0.0	
0.3333333333333333	0.3333333333333333	0.3333333333333333	0.3333333333333333	1.0	1.0	1.0	0.3333333333333333	1.0	0.3333333333333333	0.0	0.3333333333333333	NaN	0.3333333333333333	0.3333333333333333	0.3333333333333333	1.0	NaN	0.6666666666666666	0.3333333333333333	NaN	0.6666666666666666	1.0	0.0	0.3333333333333333	0	0.3333333333333333	1.0	1.0	0.3333333333333333	0.3333333333333333	1.0	0.3333333333333333	1.0	NaN	0.3333333333333333	1.0	0.3333333333333333	0.3333333333333333	
0.0	0.0	0.0	0.0	0.8	0.0	0.0	0.0	0.0	0.0	0.0	0.0	NaN	0.0	0.0	0.0	0.75	NaN	0.25	0.0	NaN	0.25	0.75	0.3333333333333333	0.0	0.3333333333333333	0	1.0	0.0	0.0	0.0	1.0	0.0	1.0	NaN	0.0	0.0	0.0	0.0	
1.0	1.0	1.0	1.0	1.0	1.0	1.0	1.0	1.0	1.0	1.0	1.0	NaN	1.0	1.0	1.0	1.0	NaN	1.0	1.0	NaN	1.0	1.0	1.0	1.0	1.0	1.0	0	1.0	1.0	1.0	1.0	1.0	1.0	NaN	1.0	1.0	1.0	1.0	
0.0	0.0	0.0	0.0	0.0	0.0	0.0	0.0	0.0	0.0	1.0	0.0	NaN	0.0	0.0	0.0	0.0	NaN	0.0	0.0	NaN	0.0	0.0	1.0	0.0	1.0	0.0	1.0	0	0.0	0.0	1.0	1.0	1.0	NaN	0.0	0.0	0.0	0.0	
0.0	0.0	0.0	0.0	0.8	0.0	0.0	0.0	0.0	0.0	0.0	0.0	NaN	0.0	0.0	0.0	0.75	NaN	0.25	0.0	NaN	0.25	0.75	0.3333333333333333	0.0	0.3333333333333333	0.0	1.0	0.0	0	0.0	1.0	0.0	1.0	NaN	0.0	0.0	0.0	0.0	
0.0	0.0	0.0	0.0	0.8	0.0	0.0	0.0	0.0	0.0	0.0	0.0	NaN	0.0	0.0	0.0	0.75	NaN	0.25	0.0	NaN	0.25	0.75	0.3333333333333333	0.0	0.3333333333333333	0.0	1.0	0.0	0.0	0	1.0	0.0	1.0	NaN	0.0	0.0	0.0	0.0	
1.0	1.0	1.0	1.0	1.0	1.0	1.0	1.0	1.0	1.0	1.0	1.0	NaN	1.0	1.0	1.0	1.0	NaN	1.0	1.0	NaN	1.0	1.0	1.0	1.0	1.0	1.0	1.0	1.0	1.0	1.0	0	1.0	0.0	NaN	1.0	1.0	1.0	1.0	
0.25	0.25	0.25	0.0	1.0	1.0	1.0	0.0	1.0	0.25	0.0	0.25	NaN	0.0	0.3333333333333333	0.25	1.0	NaN	0.5	0.0	NaN	0.5	1.0	0.3333333333333333	0.3333333333333333	0.3333333333333333	0.0	1.0	1.0	0.0	0.0	1.0	0	1.0	NaN	0.25	1.0	0.25	0.25	
1.0	1.0	1.0	1.0	1.0	1.0	1.0	1.0	1.0	1.0	1.0	1.0	NaN	1.0	1.0	1.0	1.0	NaN	1.0	1.0	NaN	1.0	1.0	1.0	1.0	1.0	1.0	1.0	1.0	1.0	1.0	0.0	1.0	0	NaN	1.0	1.0	1.0	1.0	
NaN	NaN	NaN	NaN	NaN	NaN	NaN	NaN	NaN	NaN	NaN	NaN	NaN	NaN	NaN	NaN	NaN	NaN	NaN	NaN	NaN	NaN	NaN	NaN	NaN	NaN	NaN	NaN	NaN	NaN	NaN	NaN	NaN	NaN	0	NaN	NaN	NaN	NaN	
0.0	0.0	0.0	0.0	0.75	0.0	0.0	0.0	0.0	0.0	0.0	0.0	NaN	0.0	0.0	0.0	0.75	NaN	0.25	0.0	NaN	0.25	0.75	0.3333333333333333	0.0	0.3333333333333333	0.0	1.0	0.0	0.0	0.0	1.0	0.25	1.0	NaN	0	0.0	0.0	0.0	
0.0	0.0	0.0	0.0	0.0	0.0	0.0	0.0	0.0	0.0	1.0	0.0	NaN	0.0	0.0	0.0	0.0	NaN	0.0	0.0	NaN	0.0	0.0	1.0	0.0	1.0	0.0	1.0	0.0	0.0	0.0	1.0	1.0	1.0	NaN	0.0	0	0.0	0.0	
0.0	0.0	0.0	0.0	0.75	0.0	0.0	0.0	0.0	0.0	0.0	0.0	NaN	0.0	0.0	0.0	0.75	NaN	0.25	0.0	NaN	0.25	0.75	0.3333333333333333	0.0	0.3333333333333333	0.0	1.0	0.0	0.0	0.0	1.0	0.25	1.0	NaN	0.0	0.0	0	0.0	
0.0	0.0	0.0	0.0	0.75	0.0	0.0	0.0	0.0	0.0	0.0	0.0	NaN	0.0	0.0	0.0	0.75	NaN	0.25	0.0	NaN	0.25	0.75	0.3333333333333333	0.0	0.3333333333333333	0.0	1.0	0.0	0.0	0.0	1.0	0.25	1.0	NaN	0.0	0.0	0.0	0	
