0	0.0	0.0	0.0	0.0	0.9090909090909091	0.0	0.0	0.0	0.0	0.0	0.0	0.0	0.0	0.0	0.0	0.0	0.09090909090909091	0.0	0.0	0.0	0.0	0.0	0.0	0.09090909090909091	0.0	0.09090909090909091	0.0	0.0	1.0	0.0	0.35714285714285715	0.09090909090909091	0.09090909090909091	
0.0	0	0.0	0.0	0.0	1.0	0.0	0.0	0.0	1.0	0.0	0.0	1.0	0.0	0.25	0.0	0.0	0.0	0.0	0.0	0.0	0.0	0.0	0.0	0.0	0.0	0.0	0.0	0.0	1.0	0.0	0.5	0.0	0.0	
0.0	0.0	0	0.0	0.0	0.9090909090909091	0.0	0.0	0.0	0.0	0.0	0.0	0.0	0.0	0.0	0.0	0.0	0.09090909090909091	0.0	0.0	0.0	0.0	0.0	0.0	0.09090909090909091	0.0	0.09090909090909091	0.0	0.0	1.0	0.0	0.35714285714285715	0.09090909090909091	0.09090909090909091	
0.0	0.0	0.0	0	0.0	0.9090909090909091	0.0	0.0	0.0	0.0	0.0	0.0	0.0	0.0	0.0	0.0	0.0	0.09090909090909091	0.0	0.0	0.0	0.0	0.0	0.0	0.09090909090909091	0.0	0.09090909090909091	0.0	0.0	1.0	0.0	0.35714285714285715	0.09090909090909091	0.09090909090909091	
0.0	0.0	0.0	0.0	0	0.9090909090909091	0.0	0.0	0.0	0.0	0.0	0.0	0.0	0.0	0.0	0.0	0.0	0.09090909090909091	0.0	0.0	0.0	0.0	0.0	0.0	0.09090909090909091	0.0	0.09090909090909091	0.0	0.0	1.0	0.0	0.35714285714285715	0.09090909090909091	0.09090909090909091	
0.9090909090909091	1.0	0.9090909090909091	0.9090909090909091	0.9090909090909091	0	0.9090909090909091	0.9090909090909091	0.9090909090909091	0.0	0.9090909090909091	1.0	0.0	0.9090909090909091	0.875	0.9090909090909091	0.9090909090909091	1.0	0.9090909090909091	0.9090909090909091	0.9090909090909091	0.9090909090909091	0.9090909090909091	0.9090909090909091	1.0	0.9090909090909091	1.0	1.0	0.9090909090909091	1.0	1.0	0.8571428571428571	1.0	1.0	
0.0	0.0	0.0	0.0	0.0	0.9090909090909091	0	0.0	0.0	0.0	0.0	0.0	0.0	0.0	0.0	0.0	0.0	0.09090909090909091	0.0	0.0	0.0	0.0	0.0	0.0	0.09090909090909091	0.0	0.09090909090909091	0.0	0.0	1.0	0.0	0.35714285714285715	0.09090909090909091	0.09090909090909091	
0.0	0.0	0.0	0.0	0.0	0.9090909090909091	0.0	0	0.0	0.0	0.0	0.0	0.0	0.0	0.0	0.0	0.0	0.09090909090909091	0.0	0.0	0.0	0.0	0.0	0.0	0.09090909090909091	0.0	0.09090909090909091	0.0	0.0	1.0	0.0	0.35714285714285715	0.09090909090909091	0.09090909090909091	
0.0	0.0	0.0	0.0	0.0	0.9090909090909091	0.0	0.0	0	0.0	0.0	0.0	0.0	0.0	0.0	0.0	0.0	0.09090909090909091	0.0	0.0	0.0	0.0	0.0	0.0	0.09090909090909091	0.0	0.09090909090909091	0.0	0.0	1.0	0.0	0.35714285714285715	0.09090909090909091	0.09090909090909091	
0.0	1.0	0.0	0.0	0.0	0.0	0.0	0.0	0.0	0	0.0	1.0	0.0	0.0	0.0	0.0	0.0	1.0	0.0	0.0	0.0	0.0	0.0	0.0	1.0	0.0	1.0	1.0	0.0	1.0	1.0	0.0	1.0	1.0	
0.0	0.0	0.0	0.0	0.0	0.9090909090909091	0.0	0.0	0.0	0.0	0	0.0	0.0	0.0	0.0	0.0	0.0	0.09090909090909091	0.0	0.0	0.0	0.0	0.0	0.0	0.09090909090909091	0.0	0.09090909090909091	0.0	0.0	1.0	0.0	0.35714285714285715	0.09090909090909091	0.09090909090909091	
0.0	0.0	0.0	0.0	0.0	1.0	0.0	0.0	0.0	1.0	0.0	0	1.0	0.0	0.25	0.0	0.0	0.0	0.0	0.0	0.0	0.0	0.0	0.0	0.0	0.0	0.0	0.0	0.0	1.0	0.0	0.5	0.0	0.0	
0.0	1.0	0.0	0.0	0.0	0.0	0.0	0.0	0.0	0.0	0.0	1.0	0	0.0	0.0	0.0	0.0	1.0	0.0	0.0	0.0	0.0	0.0	0.0	1.0	0.0	1.0	1.0	0.0	1.0	1.0	0.0	1.0	1.0	
0.0	0.0	0.0	0.0	0.0	0.9090909090909091	0.0	0.0	0.0	0.0	0.0	0.0	0.0	0	0.0	0.0	0.0	0.09090909090909091	0.0	0.0	0.0	0.0	0.0	0.0	0.09090909090909091	0.0	0.09090909090909091	0.0	0.0	1.0	0.0	0.35714285714285715	0.09090909090909091	0.09090909090909091	
0.0	0.25	0.0	0.0	0.0	0.875	0.0	0.0	0.0	0.0	0.0	0.25	0.0	0.0	0	0.0	0.0	0.125	0.0	0.0	0.0	0.0	0.0	0.0	0.125	0.0	0.125	0.25	0.0	1.0	1.0	0.35714285714285715	0.125	0.125	
0.0	0.0	0.0	0.0	0.0	0.9090909090909091	0.0	0.0	0.0	0.0	0.0	0.0	0.0	0.0	0.0	0	0.0	0.09090909090909091	0.0	0.0	0.0	0.0	0.0	0.0	0.09090909090909091	0.0	0.09090909090909091	0.0	0.0	1.0	0.0	0.35714285714285715	0.09090909090909091	0.09090909090909091	
0.0	0.0	0.0	0.0	0.0	0.9090909090909091	0.0	0.0	0.0	0.0	0.0	0.0	0.0	0.0	0.0	0.0	0	0.09090909090909091	0.0	0.0	0.0	0.0	0.0	0.0	0.09090909090909091	0.0	0.09090909090909091	0.0	0.0	1.0	0.0	0.35714285714285715	0.09090909090909091	0.09090909090909091	
0.09090909090909091	0.0	0.09090909090909091	0.09090909090909091	0.09090909090909091	1.0	0.09090909090909091	0.09090909090909091	0.09090909090909091	1.0	0.09090909090909091	0.0	1.0	0.09090909090909091	0.125	0.09090909090909091	0.09090909090909091	0	0.09090909090909091	0.09090909090909091	0.09090909090909091	0.09090909090909091	0.09090909090909091	0.09090909090909091	0.09090909090909091	0.09090909090909091	0.09090909090909091	0.0	0.09090909090909091	1.0	0.0	0.5	0.09090909090909091	0.09090909090909091	
0.0	0.0	0.0	0.0	0.0	0.9090909090909091	0.0	0.0	0.0	0.0	0.0	0.0	0.0	0.0	0.0	0.0	0.0	0.09090909090909091	0	0.0	0.0	0.0	0.0	0.0	0.09090909090909091	0.0	0.09090909090909091	0.0	0.0	1.0	0.0	0.35714285714285715	0.09090909090909091	0.09090909090909091	
0.0	0.0	0.0	0.0	0.0	0.9090909090909091	0.0	0.0	0.0	0.0	0.0	0.0	0.0	0.0	0.0	0.0	0.0	0.09090909090909091	0.0	0	0.0	0.0	0.0	0.0	0.09090909090909091	0.0	0.09090909090909091	0.0	0.0	1.0	0.0	0.35714285714285715	0.09090909090909091	0.09090909090909091	
0.0	0.0	0.0	0.0	0.0	0.9090909090909091	0.0	0.0	0.0	0.0	0.0	0.0	0.0	0.0	0.0	0.0	0.0	0.09090909090909091	0.0	0.0	0	0.0	0.0	0.0	0.09090909090909091	0.0	0.09090909090909091	0.0	0.0	1.0	0.0	0.35714285714285715	0.09090909090909091	0.09090909090909091	
0.0	0.0	0.0	0.0	0.0	0.9090909090909091	0.0	0.0	0.0	0.0	0.0	0.0	0.0	0.0	0.0	0.0	0.0	0.09090909090909091	0.0	0.0	0.0	0	0.0	0.0	0.09090909090909091	0.0	0.09090909090909091	0.0	0.0	1.0	0.0	0.35714285714285715	0.09090909090909091	0.09090909090909091	
0.0	0.0	0.0	0.0	0.0	0.9090909090909091	0.0	0.0	0.0	0.0	0.0	0.0	0.0	0.0	0.0	0.0	0.0	0.09090909090909091	0.0	0.0	0.0	0.0	0	0.0	0.09090909090909091	0.0	0.09090909090909091	0.0	0.0	1.0	0.0	0.35714285714285715	0.09090909090909091	0.09090909090909091	
0.0	0.0	0.0	0.0	0.0	0.9090909090909091	0.0	0.0	0.0	0.0	0.0	0.0	0.0	0.0	0.0	0.0	0.0	0.09090909090909091	0.0	0.0	0.0	0.0	0.0	0	0.09090909090909091	0.0	0.09090909090909091	0.0	0.0	1.0	0.0	0.35714285714285715	0.09090909090909091	0.09090909090909091	
0.09090909090909091	0.0	0.09090909090909091	0.09090909090909091	0.09090909090909091	1.0	0.09090909090909091	0.09090909090909091	0.09090909090909091	1.0	0.09090909090909091	0.0	1.0	0.09090909090909091	0.125	0.09090909090909091	0.09090909090909091	0.09090909090909091	0.09090909090909091	0.09090909090909091	0.09090909090909091	0.09090909090909091	0.09090909090909091	0.09090909090909091	0	0.09090909090909091	0.0	0.0	0.09090909090909091	1.0	0.0	0.5	0.0	0.0	
0.0	0.0	0.0	0.0	0.0	0.9090909090909091	0.0	0.0	0.0	0.0	0.0	0.0	0.0	0.0	0.0	0.0	0.0	0.09090909090909091	0.0	0.0	0.0	0.0	0.0	0.0	0.09090909090909091	0	0.09090909090909091	0.0	0.0	1.0	0.0	0.35714285714285715	0.09090909090909091	0.09090909090909091	
0.09090909090909091	0.0	0.09090909090909091	0.09090909090909091	0.09090909090909091	1.0	0.09090909090909091	0.09090909090909091	0.09090909090909091	1.0	0.09090909090909091	0.0	1.0	0.09090909090909091	0.125	0.09090909090909091	0.09090909090909091	0.09090909090909091	0.09090909090909091	0.09090909090909091	0.09090909090909091	0.09090909090909091	0.09090909090909091	0.09090909090909091	0.0	0.09090909090909091	0	0.0	0.09090909090909091	1.0	0.0	0.5	0.0	0.0	
0.0	0.0	0.0	0.0	0.0	1.0	0.0	0.0	0.0	1.0	0.0	0.0	1.0	0.0	0.25	0.0	0.0	0.0	0.0	0.0	0.0	0.0	0.0	0.0	0.0	0.0	0.0	0	0.0	1.0	0.0	0.5	0.0	0.0	
0.0	0.0	0.0	0.0	0.0	0.9090909090909091	0.0	0.0	0.0	0.0	0.0	0.0	0.0	0.0	0.0	0.0	0.0	0.09090909090909091	0.0	0.0	0.0	0.0	0.0	0.0	0.09090909090909091	0.0	0.09090909090909091	0.0	0	1.0	0.0	0.35714285714285715	0.09090909090909091	0.09090909090909091	
1.0	1.0	1.0	1.0	1.0	1.0	1.0	1.0	1.0	1.0	1.0	1.0	1.0	1.0	1.0	1.0	1.0	1.0	1.0	1.0	1.0	1.0	1.0	1.0	1.0	1.0	1.0	1.0	1.0	0	1.0	1.0	1.0	1.0	
0.0	0.0	0.0	0.0	0.0	1.0	0.0	0.0	0.0	1.0	0.0	0.0	1.0	0.0	1.0	0.0	0.0	0.0	0.0	0.0	0.0	0.0	0.0	0.0	0.0	0.0	0.0	0.0	0.0	1.0	0	1.0	0.0	0.0	
0.35714285714285715	0.5	0.35714285714285715	0.35714285714285715	0.35714285714285715	0.8571428571428571	0.35714285714285715	0.35714285714285715	0.35714285714285715	0.0	0.35714285714285715	0.5	0.0	0.35714285714285715	0.35714285714285715	0.35714285714285715	0.35714285714285715	0.5	0.35714285714285715	0.35714285714285715	0.35714285714285715	0.35714285714285715	0.35714285714285715	0.35714285714285715	0.5	0.35714285714285715	0.5	0.5	0.35714285714285715	1.0	1.0	0	0.5	0.5	
0.09090909090909091	0.0	0.09090909090909091	0.09090909090909091	0.09090909090909091	1.0	0.09090909090909091	0.09090909090909091	0.09090909090909091	1.0	0.09090909090909091	0.0	1.0	0.09090909090909091	0.125	0.09090909090909091	0.09090909090909091	0.09090909090909091	0.09090909090909091	0.09090909090909091	0.09090909090909091	0.09090909090909091	0.09090909090909091	0.09090909090909091	0.0	0.09090909090909091	0.0	0.0	0.09090909090909091	1.0	0.0	0.5	0	0.0	
0.09090909090909091	0.0	0.09090909090909091	0.09090909090909091	0.09090909090909091	1.0	0.09090909090909091	0.09090909090909091	0.09090909090909091	1.0	0.09090909090909091	0.0	1.0	0.09090909090909091	0.125	0.09090909090909091	0.09090909090909091	0.09090909090909091	0.09090909090909091	0.09090909090909091	0.09090909090909091	0.09090909090909091	0.09090909090909091	0.09090909090909091	0.0	0.09090909090909091	0.0	0.0	0.09090909090909091	1.0	0.0	0.5	0.0	0	
