0	0.6153846153846154	0.0	0.0	0.0	0.6153846153846154	0.23076923076923078	0.0	0.0	0.6153846153846154	0.6153846153846154	0.6153846153846154	0.3076923076923077	0.0	0.0	0.0	0.3076923076923077	NaN	0.9230769230769231	0.23076923076923078	0.38461538461538464	0.0	0.0	0.0	0.0	0.0	0.0	0.0	0.0	0.0	0.38461538461538464	0.0	0.0	0.3076923076923077	
0.6153846153846154	0	0.6666666666666666	0.2222222222222222	0.0	0.0	0.16666666666666666	1.0	1.0	0.0	0.0	0.0	0.9444444444444444	1.0	1.0	0.0	0.9444444444444444	NaN	0.9444444444444444	0.5	1.0	0.8888888888888888	0.0	0.0	0.0	0.0	0.0	0.0	0.0	0.6666666666666666	1.0	0.0	0.0	0.9444444444444444	
0.0	0.6666666666666666	0	0.0	0.0	0.6666666666666666	0.25	0.0	0.0	0.6666666666666666	0.6666666666666666	0.6666666666666666	0.25	0.0	0.0	0.0	0.25	NaN	0.9166666666666666	0.25	0.3333333333333333	0.0	0.0	0.0	0.0	0.0	0.0	0.0	0.0	0.0	0.3333333333333333	0.0	0.0	0.25	
0.0	0.2222222222222222	0.0	0	0.0	0.36363636363636365	0.13636363636363635	0.0	0.0	0.2222222222222222	0.2222222222222222	0.2222222222222222	0.5909090909090909	0.0	0.0	0.0	0.5909090909090909	NaN	0.9444444444444444	0.15	0.38461538461538464	0.0	0.0	0.0	0.0	0.0	0.0	0.0	0.0	0.0	0.5555555555555556	0.0	0.0	0.5909090909090909	
0.0	0.0	0.0	0.0	0	0.3076923076923077	0.11538461538461539	0.0	0.0	0.0	0.0	0.0	0.6538461538461539	0.0	0.0	0.0	0.6538461538461539	NaN	0.9444444444444444	0.15	0.38461538461538464	0.0	0.0	0.0	0.0	0.0	0.0	0.0	0.0	0.0	0.5555555555555556	0.0	0.0	0.6538461538461539	
0.6153846153846154	0.0	0.6666666666666666	0.36363636363636365	0.3076923076923077	0	0.4230769230769231	1.0	1.0	0.0	0.0	0.0	0.9615384615384616	1.0	1.0	0.3076923076923077	0.9615384615384616	NaN	0.9444444444444444	0.55	1.0	0.8888888888888888	0.3076923076923077	0.3076923076923077	0.3076923076923077	0.3076923076923077	0.3076923076923077	0.3076923076923077	0.3076923076923077	0.6666666666666666	1.0	0.3076923076923077	0.3076923076923077	0.9615384615384616	
0.23076923076923078	0.16666666666666666	0.25	0.13636363636363635	0.11538461538461539	0.4230769230769231	0	0.0	0.0	0.16666666666666666	0.16666666666666666	0.16666666666666666	0.6923076923076923	0.0	0.0	0.11538461538461539	0.6923076923076923	NaN	1.0	0.0	0.38461538461538464	0.1111111111111111	0.11538461538461539	0.11538461538461539	0.11538461538461539	0.11538461538461539	0.11538461538461539	0.11538461538461539	0.11538461538461539	0.25	0.5555555555555556	0.11538461538461539	0.11538461538461539	0.6923076923076923	
0.0	1.0	0.0	0.0	0.0	1.0	0.0	0	0.0	1.0	1.0	1.0	0.0	0.0	0.0	0.0	0.0	NaN	1.0	0.0	0.0	0.0	0.0	0.0	0.0	0.0	0.0	0.0	0.0	0.0	0.0	0.0	0.0	0.0	
0.0	1.0	0.0	0.0	0.0	1.0	0.0	0.0	0	1.0	1.0	1.0	0.0	0.0	0.0	0.0	0.0	NaN	1.0	0.0	0.0	0.0	0.0	0.0	0.0	0.0	0.0	0.0	0.0	0.0	0.0	0.0	0.0	0.0	
0.6153846153846154	0.0	0.6666666666666666	0.2222222222222222	0.0	0.0	0.16666666666666666	1.0	1.0	0	0.0	0.0	0.9444444444444444	1.0	1.0	0.0	0.9444444444444444	NaN	0.9444444444444444	0.5	1.0	0.8888888888888888	0.0	0.0	0.0	0.0	0.0	0.0	0.0	0.6666666666666666	1.0	0.0	0.0	0.9444444444444444	
0.6153846153846154	0.0	0.6666666666666666	0.2222222222222222	0.0	0.0	0.16666666666666666	1.0	1.0	0.0	0	0.0	0.9444444444444444	1.0	1.0	0.0	0.9444444444444444	NaN	0.9444444444444444	0.5	1.0	0.8888888888888888	0.0	0.0	0.0	0.0	0.0	0.0	0.0	0.6666666666666666	1.0	0.0	0.0	0.9444444444444444	
0.6153846153846154	0.0	0.6666666666666666	0.2222222222222222	0.0	0.0	0.16666666666666666	1.0	1.0	0.0	0.0	0	0.9444444444444444	1.0	1.0	0.0	0.9444444444444444	NaN	0.9444444444444444	0.5	1.0	0.8888888888888888	0.0	0.0	0.0	0.0	0.0	0.0	0.0	0.6666666666666666	1.0	0.0	0.0	0.9444444444444444	
0.3076923076923077	0.9444444444444444	0.25	0.5909090909090909	0.6538461538461539	0.9615384615384616	0.6923076923076923	0.0	0.0	0.9444444444444444	0.9444444444444444	0.9444444444444444	0	0.0	0.0	0.6538461538461539	0.0	NaN	0.0	0.6	0.38461538461538464	0.0	0.6538461538461539	0.6538461538461539	0.6538461538461539	0.6538461538461539	0.6538461538461539	0.6538461538461539	0.6538461538461539	0.25	0.5555555555555556	0.6538461538461539	0.6538461538461539	0.0	
0.0	1.0	0.0	0.0	0.0	1.0	0.0	0.0	0.0	1.0	1.0	1.0	0.0	0	0.0	0.0	0.0	NaN	1.0	0.0	0.0	0.0	0.0	0.0	0.0	0.0	0.0	0.0	0.0	0.0	0.0	0.0	0.0	0.0	
0.0	1.0	0.0	0.0	0.0	1.0	0.0	0.0	0.0	1.0	1.0	1.0	0.0	0.0	0	0.0	0.0	NaN	1.0	0.0	0.0	0.0	0.0	0.0	0.0	0.0	0.0	0.0	0.0	0.0	0.0	0.0	0.0	0.0	
0.0	0.0	0.0	0.0	0.0	0.3076923076923077	0.11538461538461539	0.0	0.0	0.0	0.0	0.0	0.6538461538461539	0.0	0.0	0	0.6538461538461539	NaN	0.9444444444444444	0.15	0.38461538461538464	0.0	0.0	0.0	0.0	0.0	0.0	0.0	0.0	0.0	0.5555555555555556	0.0	0.0	0.6538461538461539	
0.3076923076923077	0.9444444444444444	0.25	0.5909090909090909	0.6538461538461539	0.9615384615384616	0.6923076923076923	0.0	0.0	0.9444444444444444	0.9444444444444444	0.9444444444444444	0.0	0.0	0.0	0.6538461538461539	0	NaN	0.0	0.6	0.38461538461538464	0.0	0.6538461538461539	0.6538461538461539	0.6538461538461539	0.6538461538461539	0.6538461538461539	0.6538461538461539	0.6538461538461539	0.25	0.5555555555555556	0.6538461538461539	0.6538461538461539	0.0	
NaN	NaN	NaN	NaN	NaN	NaN	NaN	NaN	NaN	NaN	NaN	NaN	NaN	NaN	NaN	NaN	NaN	0	NaN	NaN	NaN	NaN	NaN	NaN	NaN	NaN	NaN	NaN	NaN	NaN	NaN	NaN	NaN	NaN	
0.9230769230769231	0.9444444444444444	0.9166666666666666	0.9444444444444444	0.9444444444444444	0.9444444444444444	1.0	1.0	1.0	0.9444444444444444	0.9444444444444444	0.9444444444444444	0.0	1.0	1.0	0.9444444444444444	0.0	NaN	0	1.0	1.0	0.8888888888888888	0.9444444444444444	0.9444444444444444	0.9444444444444444	0.9444444444444444	0.9444444444444444	0.9444444444444444	0.9444444444444444	0.9166666666666666	1.0	0.9444444444444444	0.9444444444444444	0.0	
0.23076923076923078	0.5	0.25	0.15	0.15	0.55	0.0	0.0	0.0	0.5	0.5	0.5	0.6	0.0	0.0	0.15	0.6	NaN	1.0	0	0.38461538461538464	0.1111111111111111	0.15	0.15	0.15	0.15	0.15	0.15	0.15	0.25	0.5555555555555556	0.15	0.15	0.6	
0.38461538461538464	1.0	0.3333333333333333	0.38461538461538464	0.38461538461538464	1.0	0.38461538461538464	0.0	0.0	1.0	1.0	1.0	0.38461538461538464	0.0	0.0	0.38461538461538464	0.38461538461538464	NaN	1.0	0.38461538461538464	0	0.1111111111111111	0.38461538461538464	0.38461538461538464	0.38461538461538464	0.38461538461538464	0.38461538461538464	0.38461538461538464	0.38461538461538464	0.3333333333333333	0.38461538461538464	0.38461538461538464	0.38461538461538464	0.38461538461538464	
0.0	0.8888888888888888	0.0	0.0	0.0	0.8888888888888888	0.1111111111111111	0.0	0.0	0.8888888888888888	0.8888888888888888	0.8888888888888888	0.0	0.0	0.0	0.0	0.0	NaN	0.8888888888888888	0.1111111111111111	0.1111111111111111	0	0.0	0.0	0.0	0.0	0.0	0.0	0.0	0.0	0.1111111111111111	0.0	0.0	0.0	
0.0	0.0	0.0	0.0	0.0	0.3076923076923077	0.11538461538461539	0.0	0.0	0.0	0.0	0.0	0.6538461538461539	0.0	0.0	0.0	0.6538461538461539	NaN	0.9444444444444444	0.15	0.38461538461538464	0.0	0	0.0	0.0	0.0	0.0	0.0	0.0	0.0	0.5555555555555556	0.0	0.0	0.6538461538461539	
0.0	0.0	0.0	0.0	0.0	0.3076923076923077	0.11538461538461539	0.0	0.0	0.0	0.0	0.0	0.6538461538461539	0.0	0.0	0.0	0.6538461538461539	NaN	0.9444444444444444	0.15	0.38461538461538464	0.0	0.0	0	0.0	0.0	0.0	0.0	0.0	0.0	0.5555555555555556	0.0	0.0	0.6538461538461539	
0.0	0.0	0.0	0.0	0.0	0.3076923076923077	0.11538461538461539	0.0	0.0	0.0	0.0	0.0	0.6538461538461539	0.0	0.0	0.0	0.6538461538461539	NaN	0.9444444444444444	0.15	0.38461538461538464	0.0	0.0	0.0	0	0.0	0.0	0.0	0.0	0.0	0.5555555555555556	0.0	0.0	0.6538461538461539	
0.0	0.0	0.0	0.0	0.0	0.3076923076923077	0.11538461538461539	0.0	0.0	0.0	0.0	0.0	0.6538461538461539	0.0	0.0	0.0	0.6538461538461539	NaN	0.9444444444444444	0.15	0.38461538461538464	0.0	0.0	0.0	0.0	0	0.0	0.0	0.0	0.0	0.5555555555555556	0.0	0.0	0.6538461538461539	
0.0	0.0	0.0	0.0	0.0	0.3076923076923077	0.11538461538461539	0.0	0.0	0.0	0.0	0.0	0.6538461538461539	0.0	0.0	0.0	0.6538461538461539	NaN	0.9444444444444444	0.15	0.38461538461538464	0.0	0.0	0.0	0.0	0.0	0	0.0	0.0	0.0	0.5555555555555556	0.0	0.0	0.6538461538461539	
0.0	0.0	0.0	0.0	0.0	0.3076923076923077	0.11538461538461539	0.0	0.0	0.0	0.0	0.0	0.6538461538461539	0.0	0.0	0.0	0.6538461538461539	NaN	0.9444444444444444	0.15	0.38461538461538464	0.0	0.0	0.0	0.0	0.0	0.0	0	0.0	0.0	0.5555555555555556	0.0	0.0	0.6538461538461539	
0.0	0.0	0.0	0.0	0.0	0.3076923076923077	0.11538461538461539	0.0	0.0	0.0	0.0	0.0	0.6538461538461539	0.0	0.0	0.0	0.6538461538461539	NaN	0.9444444444444444	0.15	0.38461538461538464	0.0	0.0	0.0	0.0	0.0	0.0	0.0	0	0.0	0.5555555555555556	0.0	0.0	0.6538461538461539	
0.0	0.6666666666666666	0.0	0.0	0.0	0.6666666666666666	0.25	0.0	0.0	0.6666666666666666	0.6666666666666666	0.6666666666666666	0.25	0.0	0.0	0.0	0.25	NaN	0.9166666666666666	0.25	0.3333333333333333	0.0	0.0	0.0	0.0	0.0	0.0	0.0	0.0	0	0.3333333333333333	0.0	0.0	0.25	
0.38461538461538464	1.0	0.3333333333333333	0.5555555555555556	0.5555555555555556	1.0	0.5555555555555556	0.0	0.0	1.0	1.0	1.0	0.5555555555555556	0.0	0.0	0.5555555555555556	0.5555555555555556	NaN	1.0	0.5555555555555556	0.38461538461538464	0.1111111111111111	0.5555555555555556	0.5555555555555556	0.5555555555555556	0.5555555555555556	0.5555555555555556	0.5555555555555556	0.5555555555555556	0.3333333333333333	0	0.5555555555555556	0.5555555555555556	0.5555555555555556	
0.0	0.0	0.0	0.0	0.0	0.3076923076923077	0.11538461538461539	0.0	0.0	0.0	0.0	0.0	0.6538461538461539	0.0	0.0	0.0	0.6538461538461539	NaN	0.9444444444444444	0.15	0.38461538461538464	0.0	0.0	0.0	0.0	0.0	0.0	0.0	0.0	0.0	0.5555555555555556	0	0.0	0.6538461538461539	
0.0	0.0	0.0	0.0	0.0	0.3076923076923077	0.11538461538461539	0.0	0.0	0.0	0.0	0.0	0.6538461538461539	0.0	0.0	0.0	0.6538461538461539	NaN	0.9444444444444444	0.15	0.38461538461538464	0.0	0.0	0.0	0.0	0.0	0.0	0.0	0.0	0.0	0.5555555555555556	0.0	0	0.6538461538461539	
0.3076923076923077	0.9444444444444444	0.25	0.5909090909090909	0.6538461538461539	0.9615384615384616	0.6923076923076923	0.0	0.0	0.9444444444444444	0.9444444444444444	0.9444444444444444	0.0	0.0	0.0	0.6538461538461539	0.0	NaN	0.0	0.6	0.38461538461538464	0.0	0.6538461538461539	0.6538461538461539	0.6538461538461539	0.6538461538461539	0.6538461538461539	0.6538461538461539	0.6538461538461539	0.25	0.5555555555555556	0.6538461538461539	0.6538461538461539	0	
