0	0.0	0.8260869565217391	0.3333333333333333	0.6521739130434783	0.7647058823529411	NaN	0.6363636363636364	0.34782608695652173	NaN	0.21739130434782608	0.43478260869565216	0.8695652173913043	0.3333333333333333	0.0	0.8260869565217391	0.9130434782608695	0.0	1.0	0.5555555555555556	0.5217391304347826	0.6521739130434783	0.5217391304347826	1.0	1.0	0.5217391304347826	
0.0	0	1.0	0.0	0.0	1.0	NaN	0.0	1.0	NaN	1.0	1.0	1.0	0.0	0.0	0.0	0.3333333333333333	0.0	1.0	0.0	0.0	0.0	0.0	1.0	1.0	0.0	
0.8260869565217391	1.0	0	1.0	0.16666666666666666	1.0	NaN	0.8181818181818182	1.0	NaN	0.625	0.75	1.0	1.0	1.0	1.0	1.0	1.0	1.0	0.8333333333333334	1.0	0.75	1.0	1.0	0.7916666666666666	1.0	
0.3333333333333333	0.0	1.0	0	0.3333333333333333	1.0	NaN	0.3333333333333333	1.0	NaN	1.0	1.0	1.0	0.3333333333333333	0.0	0.3333333333333333	0.6666666666666666	0.0	1.0	0.3333333333333333	0.0	0.0	0.3333333333333333	1.0	1.0	0.3333333333333333	
0.6521739130434783	0.0	0.16666666666666666	0.3333333333333333	0	1.0	NaN	0.6363636363636364	1.0	NaN	0.7916666666666666	0.9166666666666666	1.0	0.3333333333333333	0.0	0.8333333333333334	0.9166666666666666	0.0	1.0	0.6111111111111112	0.8333333333333334	0.5833333333333334	0.8333333333333334	1.0	0.9583333333333334	0.8333333333333334	
0.7647058823529411	1.0	1.0	1.0	1.0	0	NaN	1.0	0.7647058823529411	NaN	0.7647058823529411	0.7647058823529411	0.8235294117647058	1.0	1.0	1.0	1.0	1.0	1.0	1.0	1.0	1.0	1.0	1.0	1.0	1.0	
NaN	NaN	NaN	NaN	NaN	NaN	0	NaN	NaN	NaN	NaN	NaN	NaN	NaN	NaN	NaN	NaN	NaN	NaN	NaN	NaN	NaN	NaN	NaN	NaN	NaN	
0.6363636363636364	0.0	0.8181818181818182	0.3333333333333333	0.6363636363636364	1.0	NaN	0	1.0	NaN	0.8181818181818182	0.9090909090909091	1.0	0.3333333333333333	0.0	0.8181818181818182	0.6363636363636364	0.0	1.0	0.6666666666666666	0.8181818181818182	0.6363636363636364	0.8181818181818182	1.0	1.0	0.8181818181818182	
0.34782608695652173	1.0	1.0	1.0	1.0	0.7647058823529411	NaN	1.0	0	NaN	0.391304347826087	0.5217391304347826	0.8695652173913043	1.0	1.0	1.0	1.0	1.0	1.0	0.8888888888888888	0.6956521739130435	1.0	0.6956521739130435	1.0	1.0	0.6956521739130435	
NaN	NaN	NaN	NaN	NaN	NaN	NaN	NaN	NaN	0	NaN	NaN	NaN	NaN	NaN	NaN	NaN	NaN	NaN	NaN	NaN	NaN	NaN	NaN	NaN	NaN	
0.21739130434782608	1.0	0.625	1.0	0.7916666666666666	0.7647058823529411	NaN	0.8181818181818182	0.391304347826087	NaN	0	0.0	0.926829268292683	0.6666666666666666	1.0	1.0	1.0	1.0	1.0	0.7222222222222222	0.8181818181818182	0.7575757575757576	0.6363636363636364	1.0	0.75	0.6363636363636364	
0.43478260869565216	1.0	0.75	1.0	0.9166666666666666	0.7647058823529411	NaN	0.9090909090909091	0.5217391304347826	NaN	0.0	0	0.8846153846153846	1.0	1.0	1.0	1.0	1.0	1.0	1.0	0.8846153846153846	0.9230769230769231	0.8846153846153846	1.0	0.8461538461538461	0.8846153846153846	
0.8695652173913043	1.0	1.0	1.0	1.0	0.8235294117647058	NaN	1.0	0.8695652173913043	NaN	0.926829268292683	0.8846153846153846	0	1.0	1.0	1.0	1.0	1.0	1.0	1.0	1.0	1.0	1.0	1.0	1.0	1.0	
0.3333333333333333	0.0	1.0	0.3333333333333333	0.3333333333333333	1.0	NaN	0.3333333333333333	1.0	NaN	0.6666666666666666	1.0	1.0	0	0.0	0.3333333333333333	0.6666666666666666	0.0	1.0	0.3333333333333333	0.3333333333333333	0.3333333333333333	0.0	1.0	0.6666666666666666	0.0	
0.0	0.0	1.0	0.0	0.0	1.0	NaN	0.0	1.0	NaN	1.0	1.0	1.0	0.0	0	0.0	0.3333333333333333	0.0	1.0	0.0	0.0	0.0	0.0	1.0	1.0	0.0	
0.8260869565217391	0.0	1.0	0.3333333333333333	0.8333333333333334	1.0	NaN	0.8181818181818182	1.0	NaN	1.0	1.0	1.0	0.3333333333333333	0.0	0	0.9393939393939394	0.0	1.0	0.7777777777777778	0.8181818181818182	0.8787878787878788	0.8181818181818182	1.0	1.0	0.8181818181818182	
0.9130434782608695	0.3333333333333333	1.0	0.6666666666666666	0.9166666666666666	1.0	NaN	0.6363636363636364	1.0	NaN	1.0	1.0	1.0	0.6666666666666666	0.3333333333333333	0.9393939393939394	0	0.3333333333333333	0.6666666666666666	0.8888888888888888	0.9393939393939394	0.9393939393939394	0.7575757575757576	1.0	1.0	0.7575757575757576	
0.0	0.0	1.0	0.0	0.0	1.0	NaN	0.0	1.0	NaN	1.0	1.0	1.0	0.0	0.0	0.0	0.3333333333333333	0	1.0	0.0	0.0	0.0	0.0	1.0	1.0	0.0	
1.0	1.0	1.0	1.0	1.0	1.0	NaN	1.0	1.0	NaN	1.0	1.0	1.0	1.0	1.0	1.0	0.6666666666666666	1.0	0	1.0	1.0	1.0	1.0	1.0	1.0	1.0	
0.5555555555555556	0.0	0.8333333333333334	0.3333333333333333	0.6111111111111112	1.0	NaN	0.6666666666666666	0.8888888888888888	NaN	0.7222222222222222	1.0	1.0	0.3333333333333333	0.0	0.7777777777777778	0.8888888888888888	0.0	1.0	0	0.6666666666666666	0.6111111111111112	0.6666666666666666	0.5714285714285714	1.0	0.6666666666666666	
0.5217391304347826	0.0	1.0	0.0	0.8333333333333334	1.0	NaN	0.8181818181818182	0.6956521739130435	NaN	0.8181818181818182	0.8846153846153846	1.0	0.3333333333333333	0.0	0.8181818181818182	0.9393939393939394	0.0	1.0	0.6666666666666666	0	0.7575757575757576	0.42424242424242425	1.0	1.0	0.42424242424242425	
0.6521739130434783	0.0	0.75	0.0	0.5833333333333334	1.0	NaN	0.6363636363636364	1.0	NaN	0.7575757575757576	0.9230769230769231	1.0	0.3333333333333333	0.0	0.8787878787878788	0.9393939393939394	0.0	1.0	0.6111111111111112	0.7575757575757576	0	0.8787878787878788	1.0	0.5625	0.8787878787878788	
0.5217391304347826	0.0	1.0	0.3333333333333333	0.8333333333333334	1.0	NaN	0.8181818181818182	0.6956521739130435	NaN	0.6363636363636364	0.8846153846153846	1.0	0.0	0.0	0.8181818181818182	0.7575757575757576	0.0	1.0	0.6666666666666666	0.42424242424242425	0.8787878787878788	0	1.0	0.875	0.0	
1.0	1.0	1.0	1.0	1.0	1.0	NaN	1.0	1.0	NaN	1.0	1.0	1.0	1.0	1.0	1.0	1.0	1.0	1.0	0.5714285714285714	1.0	1.0	1.0	0	1.0	1.0	
1.0	1.0	0.7916666666666666	1.0	0.9583333333333334	1.0	NaN	1.0	1.0	NaN	0.75	0.8461538461538461	1.0	0.6666666666666666	1.0	1.0	1.0	1.0	1.0	1.0	1.0	0.5625	0.875	1.0	0	0.875	
0.5217391304347826	0.0	1.0	0.3333333333333333	0.8333333333333334	1.0	NaN	0.8181818181818182	0.6956521739130435	NaN	0.6363636363636364	0.8846153846153846	1.0	0.0	0.0	0.8181818181818182	0.7575757575757576	0.0	1.0	0.6666666666666666	0.42424242424242425	0.8787878787878788	0.0	1.0	0.875	0	
