0	1.0	0.13636363636363635	0.2	0.16	1.0	1.0	0.0	0.0	1.0	1.0	0.8421052631578947	1.0	1.0	1.0	1.0	1.0	1.0	NaN	1.0	1.0	NaN	0.96	0.4	1.0	0.5	0.0	1.0	0.96	
1.0	0	1.0	1.0	1.0	1.0	1.0	1.0	1.0	1.0	1.0	1.0	1.0	1.0	1.0	1.0	1.0	1.0	NaN	1.0	1.0	NaN	1.0	1.0	1.0	1.0	1.0	1.0	1.0	
0.13636363636363635	1.0	0	0.045454545454545456	0.0	0.8571428571428571	1.0	0.18181818181818182	0.0	0.8636363636363636	0.8636363636363636	0.8421052631578947	0.8636363636363636	1.0	0.8636363636363636	1.0	0.8636363636363636	1.0	NaN	0.8636363636363636	0.8636363636363636	NaN	1.0	0.2727272727272727	1.0	0.36363636363636365	0.13636363636363635	1.0	0.8636363636363636	
0.2	1.0	0.045454545454545456	0	0.0	0.8571428571428571	1.0	0.09090909090909091	0.0	0.8636363636363636	0.8636363636363636	0.8947368421052632	0.8636363636363636	1.0	0.8636363636363636	1.0	0.8636363636363636	1.0	NaN	0.8636363636363636	0.8372093023255814	NaN	0.6511627906976745	0.13953488372093023	1.0	0.4090909090909091	0.2	1.0	0.5365853658536586	
0.16	1.0	0.0	0.0	0	0.8571428571428571	1.0	0.0	0.0	0.8636363636363636	0.8636363636363636	0.8421052631578947	0.8636363636363636	1.0	0.8636363636363636	1.0	0.8636363636363636	1.0	NaN	0.8636363636363636	0.8409090909090909	NaN	0.6511627906976745	0.13636363636363635	1.0	0.36363636363636365	0.17142857142857143	1.0	0.5365853658536586	
1.0	1.0	0.8571428571428571	0.8571428571428571	0.8571428571428571	0	0.47619047619047616	1.0	1.0	0.0	0.0	1.0	0.5238095238095238	1.0	0.0	0.47619047619047616	0.0	0.3333333333333333	NaN	0.0	0.0	NaN	0.47619047619047616	0.8571428571428571	0.25	0.8571428571428571	1.0	0.25	0.14285714285714285	
1.0	1.0	1.0	1.0	1.0	0.47619047619047616	0	1.0	1.0	0.45454545454545453	0.45454545454545453	1.0	0.6363636363636364	1.0	0.45454545454545453	0.0	0.45454545454545453	0.4666666666666667	NaN	0.45454545454545453	0.45454545454545453	NaN	0.045454545454545456	1.0	0.4	1.0	1.0	0.4	0.45454545454545453	
0.0	1.0	0.18181818181818182	0.09090909090909091	0.0	1.0	1.0	0	1.0	1.0	1.0	0.7272727272727273	1.0	1.0	1.0	1.0	1.0	1.0	NaN	1.0	1.0	NaN	0.9090909090909091	0.0	1.0	0.45454545454545453	0.0	1.0	0.9090909090909091	
0.0	1.0	0.0	0.0	0.0	1.0	1.0	1.0	0	1.0	1.0	1.0	1.0	1.0	1.0	1.0	1.0	1.0	NaN	1.0	1.0	NaN	1.0	1.0	1.0	1.0	0.0	1.0	1.0	
1.0	1.0	0.8636363636363636	0.8636363636363636	0.8636363636363636	0.0	0.45454545454545453	1.0	1.0	0	0.0	1.0	0.5	1.0	0.0	0.45454545454545453	0.0	0.3333333333333333	NaN	0.0	0.0	NaN	0.5	0.8636363636363636	0.2	0.8636363636363636	1.0	0.2	0.13636363636363635	
1.0	1.0	0.8636363636363636	0.8636363636363636	0.8636363636363636	0.0	0.45454545454545453	1.0	1.0	0.0	0	1.0	0.5	1.0	0.0	0.45454545454545453	0.0	0.3333333333333333	NaN	0.0	0.0	NaN	0.5	0.8636363636363636	0.2	0.8636363636363636	1.0	0.2	0.13636363636363635	
0.8421052631578947	1.0	0.8421052631578947	0.8947368421052632	0.8421052631578947	1.0	1.0	0.7272727272727273	1.0	1.0	1.0	0	1.0	1.0	1.0	1.0	1.0	1.0	NaN	1.0	1.0	NaN	1.0	0.8421052631578947	1.0	0.8421052631578947	0.8421052631578947	1.0	1.0	
1.0	1.0	0.8636363636363636	0.8636363636363636	0.8636363636363636	0.5238095238095238	0.6363636363636364	1.0	1.0	0.5	0.5	1.0	0	1.0	0.5	0.6363636363636364	0.5	0.5333333333333333	NaN	0.5	0.5	NaN	0.6818181818181818	0.8636363636363636	0.6	0.8636363636363636	1.0	0.6	0.5	
1.0	1.0	1.0	1.0	1.0	1.0	1.0	1.0	1.0	1.0	1.0	1.0	1.0	0	1.0	1.0	1.0	1.0	NaN	1.0	1.0	NaN	1.0	1.0	1.0	1.0	1.0	1.0	1.0	
1.0	1.0	0.8636363636363636	0.8636363636363636	0.8636363636363636	0.0	0.45454545454545453	1.0	1.0	0.0	0.0	1.0	0.5	1.0	0	0.45454545454545453	0.0	0.3333333333333333	NaN	0.0	0.0	NaN	0.5	0.8636363636363636	0.2	0.8636363636363636	1.0	0.2	0.13636363636363635	
1.0	1.0	1.0	1.0	1.0	0.47619047619047616	0.0	1.0	1.0	0.45454545454545453	0.45454545454545453	1.0	0.6363636363636364	1.0	0.45454545454545453	0	0.45454545454545453	0.4666666666666667	NaN	0.45454545454545453	0.45454545454545453	NaN	0.045454545454545456	1.0	0.4	1.0	1.0	0.4	0.45454545454545453	
1.0	1.0	0.8636363636363636	0.8636363636363636	0.8636363636363636	0.0	0.45454545454545453	1.0	1.0	0.0	0.0	1.0	0.5	1.0	0.0	0.45454545454545453	0	0.3333333333333333	NaN	0.0	0.0	NaN	0.5	0.8636363636363636	0.2	0.8636363636363636	1.0	0.2	0.13636363636363635	
1.0	1.0	1.0	1.0	1.0	0.3333333333333333	0.4666666666666667	1.0	1.0	0.3333333333333333	0.3333333333333333	1.0	0.5333333333333333	1.0	0.3333333333333333	0.4666666666666667	0.3333333333333333	0	NaN	0.3333333333333333	0.3333333333333333	NaN	0.4666666666666667	1.0	0.3333333333333333	1.0	1.0	0.3333333333333333	0.3333333333333333	
NaN	NaN	NaN	NaN	NaN	NaN	NaN	NaN	NaN	NaN	NaN	NaN	NaN	NaN	NaN	NaN	NaN	NaN	0	NaN	NaN	NaN	NaN	NaN	NaN	NaN	NaN	NaN	NaN	
1.0	1.0	0.8636363636363636	0.8636363636363636	0.8636363636363636	0.0	0.45454545454545453	1.0	1.0	0.0	0.0	1.0	0.5	1.0	0.0	0.45454545454545453	0.0	0.3333333333333333	NaN	0	0.0	NaN	0.5	0.8636363636363636	0.2	0.8636363636363636	1.0	0.2	0.13636363636363635	
1.0	1.0	0.8636363636363636	0.8372093023255814	0.8409090909090909	0.0	0.45454545454545453	1.0	1.0	0.0	0.0	1.0	0.5	1.0	0.0	0.45454545454545453	0.0	0.3333333333333333	NaN	0.0	0	NaN	0.7441860465116279	0.8409090909090909	0.2	0.8636363636363636	1.0	0.2	0.43902439024390244	
NaN	NaN	NaN	NaN	NaN	NaN	NaN	NaN	NaN	NaN	NaN	NaN	NaN	NaN	NaN	NaN	NaN	NaN	NaN	NaN	NaN	0	NaN	NaN	NaN	NaN	NaN	NaN	NaN	
0.96	1.0	1.0	0.6511627906976745	0.6511627906976745	0.47619047619047616	0.045454545454545456	0.9090909090909091	1.0	0.5	0.5	1.0	0.6818181818181818	1.0	0.5	0.045454545454545456	0.5	0.4666666666666667	NaN	0.5	0.7441860465116279	NaN	0	0.6511627906976745	0.45	1.0	0.8	0.45	0.36585365853658536	
0.4	1.0	0.2727272727272727	0.13953488372093023	0.13636363636363635	0.8571428571428571	1.0	0.0	1.0	0.8636363636363636	0.8636363636363636	0.8421052631578947	0.8636363636363636	1.0	0.8636363636363636	1.0	0.8636363636363636	1.0	NaN	0.8636363636363636	0.8409090909090909	NaN	0.6511627906976745	0	1.0	0.4090909090909091	0.34285714285714286	1.0	0.5365853658536586	
1.0	1.0	1.0	1.0	1.0	0.25	0.4	1.0	1.0	0.2	0.2	1.0	0.6	1.0	0.2	0.4	0.2	0.3333333333333333	NaN	0.2	0.2	NaN	0.45	1.0	0	1.0	1.0	0.0	0.05	
0.5	1.0	0.36363636363636365	0.4090909090909091	0.36363636363636365	0.8571428571428571	1.0	0.45454545454545453	1.0	0.8636363636363636	0.8636363636363636	0.8421052631578947	0.8636363636363636	1.0	0.8636363636363636	1.0	0.8636363636363636	1.0	NaN	0.8636363636363636	0.8636363636363636	NaN	1.0	0.4090909090909091	1.0	0	0.5	1.0	0.8636363636363636	
0.0	1.0	0.13636363636363635	0.2	0.17142857142857143	1.0	1.0	0.0	0.0	1.0	1.0	0.8421052631578947	1.0	1.0	1.0	1.0	1.0	1.0	NaN	1.0	1.0	NaN	0.8	0.34285714285714286	1.0	0.5	0	1.0	0.8	
1.0	1.0	1.0	1.0	1.0	0.25	0.4	1.0	1.0	0.2	0.2	1.0	0.6	1.0	0.2	0.4	0.2	0.3333333333333333	NaN	0.2	0.2	NaN	0.45	1.0	0.0	1.0	1.0	0	0.05	
0.96	1.0	0.8636363636363636	0.5365853658536586	0.5365853658536586	0.14285714285714285	0.45454545454545453	0.9090909090909091	1.0	0.13636363636363635	0.13636363636363635	1.0	0.5	1.0	0.13636363636363635	0.45454545454545453	0.13636363636363635	0.3333333333333333	NaN	0.13636363636363635	0.43902439024390244	NaN	0.36585365853658536	0.5365853658536586	0.05	0.8636363636363636	0.8	0.05	0	
