0	0.8958333333333334	0.9583333333333334	NaN	0.6666666666666666	0.9583333333333334	0.925	0.6875	NaN	0.6875	0.7083333333333334	0.6875	0.6666666666666666	0.8958333333333334	0.375	0.5208333333333334	0.9375	0.6458333333333334	0.4583333333333333	1.0	1.0	0.8958333333333334	0.9696969696969697	1.0	0.8958333333333334	0.9791666666666666	0.9583333333333334	0.8958333333333334	0.5208333333333334	0.6875	
0.8958333333333334	0	0.4375	NaN	0.9375	0.4375	0.4	0.9583333333333334	NaN	0.9583333333333334	1.0	0.9583333333333334	0.9375	0.0	1.0	0.875	0.4166666666666667	0.75	0.4375	1.0	0.6458333333333334	0.0	0.6060606060606061	0.6458333333333334	0.0	0.9583333333333334	0.4583333333333333	0.0	0.9166666666666666	0.9583333333333334	
0.9583333333333334	0.4375	0	NaN	0.8541666666666666	0.0	0.625	0.875	NaN	0.875	1.0	0.875	0.8541666666666666	0.4375	0.8333333333333334	0.9583333333333334	0.6458333333333334	0.4375	0.75	0.0	0.4166666666666667	0.4375	0.0	0.5625	0.4375	0.9166666666666666	0.5	0.4375	0.9583333333333334	0.875	
NaN	NaN	NaN	0	NaN	NaN	NaN	NaN	NaN	NaN	NaN	NaN	NaN	NaN	NaN	NaN	NaN	NaN	NaN	NaN	NaN	NaN	NaN	NaN	NaN	NaN	NaN	NaN	NaN	NaN	
0.6666666666666666	0.9375	0.8541666666666666	NaN	0	0.8541666666666666	1.0	0.4166666666666667	NaN	0.4166666666666667	0.6875	0.4166666666666667	0.4375	0.9375	0.0	0.6458333333333334	0.9583333333333334	0.4375	0.625	1.0	0.875	0.9375	0.8787878787878788	0.9583333333333334	0.9375	0.9583333333333334	0.9791666666666666	0.9375	0.6458333333333334	0.4166666666666667	
0.9583333333333334	0.4375	0.0	NaN	0.8541666666666666	0	0.625	0.875	NaN	0.875	1.0	0.875	0.8541666666666666	0.4375	0.8333333333333334	0.9583333333333334	0.6458333333333334	0.4375	0.75	0.0	0.4166666666666667	0.4375	0.0	0.5625	0.4375	0.9166666666666666	0.5	0.4375	0.9583333333333334	0.875	
0.925	0.4	0.625	NaN	1.0	0.625	0	1.0	NaN	1.0	1.0	1.0	1.0	0.4	1.0	0.9	0.4	1.0	0.9	1.0	0.625	0.4	0.8787878787878788	0.625	0.4	1.0	0.65	0.4	0.95	1.0	
0.6875	0.9583333333333334	0.875	NaN	0.4166666666666667	0.875	1.0	0	NaN	0.0	0.4583333333333333	0.0	0.4583333333333333	0.9583333333333334	0.0	0.4375	0.9375	0.4583333333333333	0.6458333333333334	1.0	0.875	0.9583333333333334	0.8787878787878788	0.9583333333333334	0.9583333333333334	0.9583333333333334	1.0	0.9583333333333334	0.6458333333333334	0.0	
NaN	NaN	NaN	NaN	NaN	NaN	NaN	NaN	0	NaN	NaN	NaN	NaN	NaN	NaN	NaN	NaN	NaN	NaN	NaN	NaN	NaN	NaN	NaN	NaN	NaN	NaN	NaN	NaN	NaN	
0.6875	0.9583333333333334	0.875	NaN	0.4166666666666667	0.875	1.0	0.0	NaN	0	0.4583333333333333	0.0	0.4583333333333333	0.9583333333333334	0.0	0.4375	0.9375	0.4583333333333333	0.6458333333333334	1.0	0.875	0.9583333333333334	0.8787878787878788	0.9583333333333334	0.9583333333333334	0.9583333333333334	1.0	0.9583333333333334	0.6458333333333334	0.0	
0.7083333333333334	1.0	1.0	NaN	0.6875	1.0	1.0	0.4583333333333333	NaN	0.4583333333333333	0	0.4583333333333333	0.7083333333333334	1.0	0.4166666666666667	0.5	0.9791666666666666	0.7083333333333334	0.7083333333333334	1.0	1.0	1.0	1.0	1.0	1.0	1.0	0.9583333333333334	1.0	0.7083333333333334	0.4583333333333333	
0.6875	0.9583333333333334	0.875	NaN	0.4166666666666667	0.875	1.0	0.0	NaN	0.0	0.4583333333333333	0	0.4583333333333333	0.9583333333333334	0.0	0.4375	0.9375	0.4583333333333333	0.6458333333333334	1.0	0.875	0.9583333333333334	0.8787878787878788	0.9583333333333334	0.9583333333333334	0.9583333333333334	1.0	0.9583333333333334	0.6458333333333334	0.0	
0.6666666666666666	0.9375	0.8541666666666666	NaN	0.4375	0.8541666666666666	1.0	0.4583333333333333	NaN	0.4583333333333333	0.7083333333333334	0.4583333333333333	0	0.9375	0.0	0.6458333333333334	0.9583333333333334	0.4375	0.625	1.0	0.875	0.9375	0.8787878787878788	0.9583333333333334	0.9375	0.9583333333333334	0.9791666666666666	0.9375	0.6458333333333334	0.4583333333333333	
0.8958333333333334	0.0	0.4375	NaN	0.9375	0.4375	0.4	0.9583333333333334	NaN	0.9583333333333334	1.0	0.9583333333333334	0.9375	0	1.0	0.875	0.4166666666666667	0.75	0.4375	1.0	0.6458333333333334	0.0	0.6060606060606061	0.6458333333333334	0.0	0.9583333333333334	0.4583333333333333	0.0	0.9166666666666666	0.9583333333333334	
0.375	1.0	0.8333333333333334	NaN	0.0	0.8333333333333334	1.0	0.0	NaN	0.0	0.4166666666666667	0.0	0.0	1.0	0	0.375	1.0	0.0	0.375	1.0	0.8333333333333334	1.0	0.8333333333333334	1.0	1.0	0.9166666666666666	1.0	1.0	0.375	0.0	
0.5208333333333334	0.875	0.9583333333333334	NaN	0.6458333333333334	0.9583333333333334	0.9	0.4375	NaN	0.4375	0.5	0.4375	0.6458333333333334	0.875	0.375	0	0.8541666666666666	0.6458333333333334	0.4583333333333333	1.0	0.9583333333333334	0.875	1.0	0.9583333333333334	0.875	1.0	1.0	0.875	0.5	0.4375	
0.9375	0.4166666666666667	0.6458333333333334	NaN	0.9583333333333334	0.6458333333333334	0.4	0.9375	NaN	0.9375	0.9791666666666666	0.9375	0.9583333333333334	0.4166666666666667	1.0	0.8541666666666666	0	0.9583333333333334	0.8541666666666666	1.0	0.6458333333333334	0.4166666666666667	0.8787878787878788	0.6458333333333334	0.4166666666666667	1.0	0.6875	0.4166666666666667	0.9166666666666666	0.9375	
0.6458333333333334	0.75	0.4375	NaN	0.4375	0.4375	1.0	0.4583333333333333	NaN	0.4583333333333333	0.7083333333333334	0.4583333333333333	0.4375	0.75	0.0	0.6458333333333334	0.9583333333333334	0	0.4375	0.0	0.8541666666666666	0.75	0.2727272727272727	0.9583333333333334	0.75	0.9166666666666666	0.7916666666666666	0.75	0.6458333333333334	0.4583333333333333	
0.4583333333333333	0.4375	0.75	NaN	0.625	0.75	0.9	0.6458333333333334	NaN	0.6458333333333334	0.7083333333333334	0.6458333333333334	0.625	0.4375	0.375	0.4583333333333333	0.8541666666666666	0.4375	0	1.0	0.9583333333333334	0.4375	0.7272727272727273	0.9583333333333334	0.4375	0.9583333333333334	0.7708333333333334	0.4375	0.4791666666666667	0.6458333333333334	
1.0	1.0	0.0	NaN	1.0	0.0	1.0	1.0	NaN	1.0	1.0	1.0	1.0	1.0	1.0	1.0	1.0	0.0	1.0	0	1.0	1.0	0.0	1.0	1.0	1.0	1.0	1.0	1.0	1.0	
1.0	0.6458333333333334	0.4166666666666667	NaN	0.875	0.4166666666666667	0.625	0.875	NaN	0.875	1.0	0.875	0.875	0.6458333333333334	0.8333333333333334	0.9583333333333334	0.6458333333333334	0.8541666666666666	0.9583333333333334	1.0	0	0.6458333333333334	0.5757575757575758	0.5625	0.6458333333333334	0.9583333333333334	0.7083333333333334	0.6458333333333334	0.9583333333333334	0.875	
0.8958333333333334	0.0	0.4375	NaN	0.9375	0.4375	0.4	0.9583333333333334	NaN	0.9583333333333334	1.0	0.9583333333333334	0.9375	0.0	1.0	0.875	0.4166666666666667	0.75	0.4375	1.0	0.6458333333333334	0	0.6060606060606061	0.6458333333333334	0.0	0.9583333333333334	0.4583333333333333	0.0	0.9166666666666666	0.9583333333333334	
0.9696969696969697	0.6060606060606061	0.0	NaN	0.8787878787878788	0.0	0.8787878787878788	0.8787878787878788	NaN	0.8787878787878788	1.0	0.8787878787878788	0.8787878787878788	0.6060606060606061	0.8333333333333334	1.0	0.8787878787878788	0.2727272727272727	0.7272727272727273	0.0	0.5757575757575758	0.6060606060606061	0	0.7575757575757576	0.6060606060606061	0.8787878787878788	0.6363636363636364	0.6060606060606061	1.0	0.8787878787878788	
1.0	0.6458333333333334	0.5625	NaN	0.9583333333333334	0.5625	0.625	0.9583333333333334	NaN	0.9583333333333334	1.0	0.9583333333333334	0.9583333333333334	0.6458333333333334	1.0	0.9583333333333334	0.6458333333333334	0.9583333333333334	0.9583333333333334	1.0	0.5625	0.6458333333333334	0.7575757575757576	0	0.6458333333333334	1.0	0.7083333333333334	0.6458333333333334	0.9583333333333334	0.9583333333333334	
0.8958333333333334	0.0	0.4375	NaN	0.9375	0.4375	0.4	0.9583333333333334	NaN	0.9583333333333334	1.0	0.9583333333333334	0.9375	0.0	1.0	0.875	0.4166666666666667	0.75	0.4375	1.0	0.6458333333333334	0.0	0.6060606060606061	0.6458333333333334	0	0.9583333333333334	0.4583333333333333	0.0	0.9166666666666666	0.9583333333333334	
0.9791666666666666	0.9583333333333334	0.9166666666666666	NaN	0.9583333333333334	0.9166666666666666	1.0	0.9583333333333334	NaN	0.9583333333333334	1.0	0.9583333333333334	0.9583333333333334	0.9583333333333334	0.9166666666666666	1.0	1.0	0.9166666666666666	0.9583333333333334	1.0	0.9583333333333334	0.9583333333333334	0.8787878787878788	1.0	0.9583333333333334	0	0.9583333333333334	0.9583333333333334	1.0	0.9583333333333334	
0.9583333333333334	0.4583333333333333	0.5	NaN	0.9791666666666666	0.5	0.65	1.0	NaN	1.0	0.9583333333333334	1.0	0.9791666666666666	0.4583333333333333	1.0	1.0	0.6875	0.7916666666666666	0.7708333333333334	1.0	0.7083333333333334	0.4583333333333333	0.6363636363636364	0.7083333333333334	0.4583333333333333	0.9583333333333334	0	0.4583333333333333	1.0	1.0	
0.8958333333333334	0.0	0.4375	NaN	0.9375	0.4375	0.4	0.9583333333333334	NaN	0.9583333333333334	1.0	0.9583333333333334	0.9375	0.0	1.0	0.875	0.4166666666666667	0.75	0.4375	1.0	0.6458333333333334	0.0	0.6060606060606061	0.6458333333333334	0.0	0.9583333333333334	0.4583333333333333	0	0.9166666666666666	0.9583333333333334	
0.5208333333333334	0.9166666666666666	0.9583333333333334	NaN	0.6458333333333334	0.9583333333333334	0.95	0.6458333333333334	NaN	0.6458333333333334	0.7083333333333334	0.6458333333333334	0.6458333333333334	0.9166666666666666	0.375	0.5	0.9166666666666666	0.6458333333333334	0.4791666666666667	1.0	0.9583333333333334	0.9166666666666666	1.0	0.9583333333333334	0.9166666666666666	1.0	1.0	0.9166666666666666	0	0.6458333333333334	
0.6875	0.9583333333333334	0.875	NaN	0.4166666666666667	0.875	1.0	0.0	NaN	0.0	0.4583333333333333	0.0	0.4583333333333333	0.9583333333333334	0.0	0.4375	0.9375	0.4583333333333333	0.6458333333333334	1.0	0.875	0.9583333333333334	0.8787878787878788	0.9583333333333334	0.9583333333333334	0.9583333333333334	1.0	0.9583333333333334	0.6458333333333334	0	
