0	0.0	0.5	0.0	0.0	0.0	0.0	0.75	0.0	0.0	0.0	NaN	0.0	0.0	0.0	0.0	0.0	0.65	0.0	0.0	0.0	NaN	0.0	0.0	0.0	0.0	0.0	0.0	0.0	
0.0	0	0.32558139534883723	0.0	0.0	0.0	0.0	0.38461538461538464	0.0	0.0	0.0	NaN	0.0	0.0	0.0	0.0	0.4473684210526316	0.3684210526315789	0.0	0.0	0.0	NaN	0.0	0.0	0.0	0.0	0.0	0.0	0.0	
0.5	0.32558139534883723	0	0.3	1.0	0.30952380952380953	0.5	0.4358974358974359	0.5263157894736842	0.30952380952380953	0.3170731707317073	NaN	0.3076923076923077	0.3	0.3170731707317073	0.3076923076923077	0.7105263157894737	0.3684210526315789	0.3170731707317073	0.3170731707317073	0.3	NaN	1.0	0.3170731707317073	0.5	1.0	0.7692307692307693	0.3170731707317073	0.3170731707317073	
0.0	0.0	0.3	0	0.0	0.0	0.0	0.38461538461538464	0.0	0.0	0.0	NaN	0.0	0.0	0.0	0.0	0.4473684210526316	0.3684210526315789	0.0	0.0	0.0	NaN	0.0	0.0	0.0	0.0	0.0	0.0	0.0	
0.0	0.0	1.0	0.0	0	0.0	0.0	1.0	0.0	0.0	0.0	NaN	0.0	0.0	0.0	0.0	0.0	1.0	0.0	0.0	0.0	NaN	0.0	0.0	0.0	0.0	0.0	0.0	0.0	
0.0	0.0	0.30952380952380953	0.0	0.0	0	0.0	0.38461538461538464	0.0	0.0	0.0	NaN	0.0	0.0	0.0	0.0	0.4473684210526316	0.3684210526315789	0.0	0.0	0.0	NaN	0.0	0.0	0.0	0.0	0.0	0.0	0.0	
0.0	0.0	0.5	0.0	0.0	0.0	0	0.75	0.0	0.0	0.0	NaN	0.0	0.0	0.0	0.0	0.0	0.65	0.0	0.0	0.0	NaN	0.0	0.0	0.0	0.0	0.0	0.0	0.0	
0.75	0.38461538461538464	0.4358974358974359	0.38461538461538464	1.0	0.38461538461538464	0.75	0	0.7894736842105263	0.38461538461538464	0.38461538461538464	NaN	0.38461538461538464	0.38461538461538464	0.38461538461538464	0.38461538461538464	0.8421052631578947	0.42105263157894735	0.38461538461538464	0.38461538461538464	0.38461538461538464	NaN	1.0	0.38461538461538464	0.75	1.0	1.0	0.38461538461538464	0.38461538461538464	
0.0	0.0	0.5263157894736842	0.0	0.0	0.0	0.0	0.7894736842105263	0	0.0	0.0	NaN	0.0	0.0	0.0	0.0	0.0	0.6842105263157895	0.0	0.0	0.0	NaN	0.0	0.0	0.0	0.0	0.0	0.0	0.0	
0.0	0.0	0.30952380952380953	0.0	0.0	0.0	0.0	0.38461538461538464	0.0	0	0.0	NaN	0.0	0.0	0.0	0.0	0.4473684210526316	0.3684210526315789	0.0	0.0	0.0	NaN	0.0	0.0	0.0	0.0	0.0	0.0	0.0	
0.0	0.0	0.3170731707317073	0.0	0.0	0.0	0.0	0.38461538461538464	0.0	0.0	0	NaN	0.0	0.0	0.0	0.0	0.4473684210526316	0.3684210526315789	0.0	0.0	0.0	NaN	0.0	0.0	0.0	0.0	0.0	0.0	0.0	
NaN	NaN	NaN	NaN	NaN	NaN	NaN	NaN	NaN	NaN	NaN	0	NaN	NaN	NaN	NaN	NaN	NaN	NaN	NaN	NaN	NaN	NaN	NaN	NaN	NaN	NaN	NaN	NaN	
0.0	0.0	0.3076923076923077	0.0	0.0	0.0	0.0	0.38461538461538464	0.0	0.0	0.0	NaN	0	0.0	0.0	0.0	0.4473684210526316	0.3684210526315789	0.0	0.0	0.0	NaN	0.0	0.0	0.0	0.0	0.0	0.0	0.0	
0.0	0.0	0.3	0.0	0.0	0.0	0.0	0.38461538461538464	0.0	0.0	0.0	NaN	0.0	0	0.0	0.0	0.4473684210526316	0.3684210526315789	0.0	0.0	0.0	NaN	0.0	0.0	0.0	0.0	0.0	0.0	0.0	
0.0	0.0	0.3170731707317073	0.0	0.0	0.0	0.0	0.38461538461538464	0.0	0.0	0.0	NaN	0.0	0.0	0	0.0	0.4473684210526316	0.3684210526315789	0.0	0.0	0.0	NaN	0.0	0.0	0.0	0.0	0.0	0.0	0.0	
0.0	0.0	0.3076923076923077	0.0	0.0	0.0	0.0	0.38461538461538464	0.0	0.0	0.0	NaN	0.0	0.0	0.0	0	0.4473684210526316	0.3684210526315789	0.0	0.0	0.0	NaN	0.0	0.0	0.0	0.0	0.0	0.0	0.0	
0.0	0.4473684210526316	0.7105263157894737	0.4473684210526316	0.0	0.4473684210526316	0.0	0.8421052631578947	0.0	0.4473684210526316	0.4473684210526316	NaN	0.4473684210526316	0.4473684210526316	0.4473684210526316	0.4473684210526316	0	0.7894736842105263	0.4473684210526316	0.4473684210526316	0.4473684210526316	NaN	0.0	0.4473684210526316	0.0	0.0	0.0	0.4473684210526316	0.4473684210526316	
0.65	0.3684210526315789	0.3684210526315789	0.3684210526315789	1.0	0.3684210526315789	0.65	0.42105263157894735	0.6842105263157895	0.3684210526315789	0.3684210526315789	NaN	0.3684210526315789	0.3684210526315789	0.3684210526315789	0.3684210526315789	0.7894736842105263	0	0.3684210526315789	0.3684210526315789	0.3684210526315789	NaN	1.0	0.3684210526315789	0.65	1.0	1.0	0.3684210526315789	0.3684210526315789	
0.0	0.0	0.3170731707317073	0.0	0.0	0.0	0.0	0.38461538461538464	0.0	0.0	0.0	NaN	0.0	0.0	0.0	0.0	0.4473684210526316	0.3684210526315789	0	0.0	0.0	NaN	0.0	0.0	0.0	0.0	0.0	0.0	0.0	
0.0	0.0	0.3170731707317073	0.0	0.0	0.0	0.0	0.38461538461538464	0.0	0.0	0.0	NaN	0.0	0.0	0.0	0.0	0.4473684210526316	0.3684210526315789	0.0	0	0.0	NaN	0.0	0.0	0.0	0.0	0.0	0.0	0.0	
0.0	0.0	0.3	0.0	0.0	0.0	0.0	0.38461538461538464	0.0	0.0	0.0	NaN	0.0	0.0	0.0	0.0	0.4473684210526316	0.3684210526315789	0.0	0.0	0	NaN	0.0	0.0	0.0	0.0	0.0	0.0	0.0	
NaN	NaN	NaN	NaN	NaN	NaN	NaN	NaN	NaN	NaN	NaN	NaN	NaN	NaN	NaN	NaN	NaN	NaN	NaN	NaN	NaN	0	NaN	NaN	NaN	NaN	NaN	NaN	NaN	
0.0	0.0	1.0	0.0	0.0	0.0	0.0	1.0	0.0	0.0	0.0	NaN	0.0	0.0	0.0	0.0	0.0	1.0	0.0	0.0	0.0	NaN	0	0.0	0.0	0.0	0.0	0.0	0.0	
0.0	0.0	0.3170731707317073	0.0	0.0	0.0	0.0	0.38461538461538464	0.0	0.0	0.0	NaN	0.0	0.0	0.0	0.0	0.4473684210526316	0.3684210526315789	0.0	0.0	0.0	NaN	0.0	0	0.0	0.0	0.0	0.0	0.0	
0.0	0.0	0.5	0.0	0.0	0.0	0.0	0.75	0.0	0.0	0.0	NaN	0.0	0.0	0.0	0.0	0.0	0.65	0.0	0.0	0.0	NaN	0.0	0.0	0	0.0	0.0	0.0	0.0	
0.0	0.0	1.0	0.0	0.0	0.0	0.0	1.0	0.0	0.0	0.0	NaN	0.0	0.0	0.0	0.0	0.0	1.0	0.0	0.0	0.0	NaN	0.0	0.0	0.0	0	0.0	0.0	0.0	
0.0	0.0	0.7692307692307693	0.0	0.0	0.0	0.0	1.0	0.0	0.0	0.0	NaN	0.0	0.0	0.0	0.0	0.0	1.0	0.0	0.0	0.0	NaN	0.0	0.0	0.0	0.0	0	0.0	0.0	
0.0	0.0	0.3170731707317073	0.0	0.0	0.0	0.0	0.38461538461538464	0.0	0.0	0.0	NaN	0.0	0.0	0.0	0.0	0.4473684210526316	0.3684210526315789	0.0	0.0	0.0	NaN	0.0	0.0	0.0	0.0	0.0	0	0.0	
0.0	0.0	0.3170731707317073	0.0	0.0	0.0	0.0	0.38461538461538464	0.0	0.0	0.0	NaN	0.0	0.0	0.0	0.0	0.4473684210526316	0.3684210526315789	0.0	0.0	0.0	NaN	0.0	0.0	0.0	0.0	0.0	0.0	0	
