0	1.0	1.0	0.8627450980392157	1.0	0.7777777777777778	0.8444444444444444	0.7647058823529411	1.0	0.7450980392156863	0.9411764705882353	0.8431372549019608	0.8292682926829268	0.8627450980392157	1.0	0.8205128205128205	0.8444444444444444	0.8627450980392157	1.0	0.7878787878787878	1.0	0.2222222222222222	0.8627450980392157	NaN	0.8444444444444444	0.8936170212765957	1.0	0.86	0.8823529411764706	0.875	1.0	1.0	0.86	NaN	
1.0	0	0.6818181818181818	0.5454545454545454	0.6818181818181818	0.8181818181818182	0.8181818181818182	0.5454545454545454	0.5454545454545454	0.8636363636363636	0.8181818181818182	0.7727272727272727	0.8181818181818182	0.8181818181818182	0.8181818181818182	1.0	0.6818181818181818	0.6818181818181818	0.6818181818181818	0.8181818181818182	0.8181818181818182	1.0	1.0	NaN	0.8181818181818182	0.8636363636363636	0.6818181818181818	0.7272727272727273	0.6818181818181818	0.8181818181818182	0.6818181818181818	1.0	0.7272727272727273	NaN	
1.0	0.6818181818181818	0	0.7966101694915254	0.864406779661017	0.8222222222222222	0.8222222222222222	0.6470588235294118	0.86	0.9454545454545454	0.8813559322033898	0.8983050847457628	0.7317073170731707	0.864406779661017	0.7966101694915254	1.0	0.9111111111111111	0.9322033898305084	0.8260869565217391	0.696969696969697	0.5172413793103449	0.8888888888888888	0.9137931034482759	NaN	0.9111111111111111	0.8297872340425532	0.711864406779661	0.82	0.8490566037735849	0.8541666666666666	0.711864406779661	0.96875	0.82	NaN	
0.8627450980392157	0.5454545454545454	0.7966101694915254	0	0.8805970149253731	0.6444444444444445	0.6444444444444445	0.29411764705882354	0.76	0.8181818181818182	0.8955223880597015	0.8059701492537313	0.5853658536585366	0.7910447761194029	0.9402985074626866	0.7948717948717948	0.6666666666666666	0.7611940298507462	0.6956521739130435	0.48484848484848486	0.8275862068965517	0.0	0.7758620689655172	NaN	0.7333333333333333	0.7021276595744681	0.8507462686567164	0.62	0.7547169811320755	0.7916666666666666	0.8805970149253731	0.96875	0.62	NaN	
1.0	0.6818181818181818	0.864406779661017	0.8805970149253731	0	0.8888888888888888	0.9111111111111111	0.7647058823529411	0.86	0.9454545454545454	0.9411764705882353	0.8970588235294118	0.8780487804878049	0.9411764705882353	0.9411764705882353	1.0	0.8888888888888888	0.9264705882352942	0.8260869565217391	0.8484848484848485	0.8275862068965517	0.8888888888888888	0.9827586206896551	NaN	0.9111111111111111	0.9148936170212766	0.8676470588235294	0.9	0.8679245283018868	0.9166666666666666	0.8676470588235294	0.96875	0.9	NaN	
0.7777777777777778	0.8181818181818182	0.8222222222222222	0.6444444444444445	0.8888888888888888	0	0.6666666666666666	0.5588235294117647	0.9111111111111111	0.8222222222222222	0.8444444444444444	0.7777777777777778	0.6097560975609756	0.6888888888888889	0.9111111111111111	0.7948717948717948	0.7333333333333333	0.7333333333333333	0.8260869565217391	0.5151515151515151	0.8275862068965517	0.0	0.7333333333333333	NaN	0.7333333333333333	0.7111111111111111	0.8444444444444444	0.6444444444444445	0.7777777777777778	0.7777777777777778	0.8888888888888888	0.96875	0.6444444444444445	NaN	
0.8444444444444444	0.8181818181818182	0.8222222222222222	0.6444444444444445	0.9111111111111111	0.6666666666666666	0	0.5588235294117647	0.9111111111111111	0.8444444444444444	0.8444444444444444	0.8	0.4146341463414634	0.6222222222222222	0.9111111111111111	0.7435897435897436	0.6222222222222222	0.6888888888888889	0.782608695652174	0.3939393939393939	0.8620689655172413	0.1111111111111111	0.7333333333333333	NaN	0.7333333333333333	0.7111111111111111	0.8666666666666667	0.6444444444444445	0.7777777777777778	0.7777777777777778	0.9111111111111111	1.0	0.6444444444444445	NaN	
0.7647058823529411	0.5454545454545454	0.6470588235294118	0.29411764705882354	0.7647058823529411	0.5588235294117647	0.5588235294117647	0	0.6470588235294118	0.6764705882352942	0.7941176470588235	0.5882352941176471	0.5294117647058824	0.6176470588235294	0.8823529411764706	0.7941176470588235	0.5882352941176471	0.5588235294117647	0.6956521739130435	0.5151515151515151	0.8275862068965517	0.1111111111111111	0.6470588235294118	NaN	0.6764705882352942	0.6176470588235294	0.7058823529411765	0.47058823529411764	0.6176470588235294	0.7058823529411765	0.7647058823529411	0.96875	0.47058823529411764	NaN	
1.0	0.5454545454545454	0.86	0.76	0.86	0.9111111111111111	0.9111111111111111	0.6470588235294118	0	0.94	0.92	0.9	0.9024390243902439	0.92	0.92	1.0	0.8444444444444444	0.84	0.6956521739130435	0.8787878787878788	0.8620689655172413	1.0	1.0	NaN	0.9111111111111111	0.9361702127659575	0.86	0.88	0.86	0.9166666666666666	0.86	1.0	0.88	NaN	
0.7450980392156863	0.8636363636363636	0.9454545454545454	0.8181818181818182	0.9454545454545454	0.8222222222222222	0.8444444444444444	0.6764705882352942	0.94	0	0.9454545454545454	0.8	0.8292682926829268	0.8727272727272727	1.0	0.7948717948717948	0.8444444444444444	0.8727272727272727	1.0	0.7878787878787878	1.0	0.2222222222222222	0.8727272727272727	NaN	0.8444444444444444	0.8936170212765957	0.9454545454545454	0.86	0.8301886792452831	0.875	0.9454545454545454	1.0	0.86	NaN	
0.9411764705882353	0.8181818181818182	0.8813559322033898	0.8955223880597015	0.9411764705882353	0.8444444444444444	0.8444444444444444	0.7941176470588235	0.92	0.9454545454545454	0	0.927536231884058	0.7804878048780488	0.8695652173913043	0.9420289855072463	0.9230769230769231	0.8444444444444444	0.8985507246376812	0.8260869565217391	0.7575757575757576	0.8275862068965517	0.6666666666666666	0.9482758620689655	NaN	0.8444444444444444	0.9148936170212766	0.9420289855072463	0.86	0.8490566037735849	0.7916666666666666	0.9130434782608695	1.0	0.86	NaN	
0.8431372549019608	0.7727272727272727	0.8983050847457628	0.8059701492537313	0.8970588235294118	0.7777777777777778	0.8	0.5882352941176471	0.9	0.8	0.927536231884058	0	0.7560975609756098	0.8695652173913043	0.972972972972973	0.8205128205128205	0.7777777777777778	0.855072463768116	0.9130434782608695	0.696969696969697	0.896551724137931	0.1111111111111111	0.8620689655172413	NaN	0.8	0.8297872340425532	0.9142857142857143	0.8	0.7924528301886793	0.8333333333333334	0.9054054054054054	0.96875	0.8	NaN	
0.8292682926829268	0.8181818181818182	0.7317073170731707	0.5853658536585366	0.8780487804878049	0.6097560975609756	0.4146341463414634	0.5294117647058824	0.9024390243902439	0.8292682926829268	0.7804878048780488	0.7560975609756098	0	0.5365853658536586	0.9024390243902439	0.7435897435897436	0.6097560975609756	0.6585365853658537	0.8260869565217391	0.3333333333333333	0.7931034482758621	0.0	0.6829268292682927	NaN	0.7073170731707317	0.6585365853658537	0.8292682926829268	0.5853658536585366	0.7317073170731707	0.7073170731707317	0.8048780487804879	0.96875	0.5853658536585366	NaN	
0.8627450980392157	0.8181818181818182	0.864406779661017	0.7910447761194029	0.9411764705882353	0.6888888888888889	0.6222222222222222	0.6176470588235294	0.92	0.8727272727272727	0.8695652173913043	0.8695652173913043	0.5365853658536586	0	0.9420289855072463	0.7435897435897436	0.6666666666666666	0.7971014492753623	0.782608695652174	0.48484848484848486	0.8275862068965517	0.1111111111111111	0.8275862068965517	NaN	0.7333333333333333	0.7659574468085106	0.9130434782608695	0.72	0.7924528301886793	0.75	0.8985507246376812	1.0	0.72	NaN	
1.0	0.8181818181818182	0.7966101694915254	0.9402985074626866	0.9411764705882353	0.9111111111111111	0.9111111111111111	0.8823529411764706	0.92	1.0	0.9420289855072463	0.972972972972973	0.9024390243902439	0.9420289855072463	0	1.0	0.9111111111111111	0.9420289855072463	0.8260869565217391	0.8787878787878788	0.6551724137931034	1.0	1.0	NaN	0.8666666666666667	0.9361702127659575	0.8428571428571429	0.92	0.9056603773584906	0.8958333333333334	0.8589743589743589	1.0	0.92	NaN	
0.8205128205128205	1.0	1.0	0.7948717948717948	1.0	0.7948717948717948	0.7435897435897436	0.7941176470588235	1.0	0.7948717948717948	0.9230769230769231	0.8205128205128205	0.7435897435897436	0.7435897435897436	1.0	0	0.7435897435897436	0.7435897435897436	1.0	0.696969696969697	1.0	0.1111111111111111	0.7948717948717948	NaN	0.7948717948717948	0.8461538461538461	1.0	0.7948717948717948	0.8461538461538461	0.8461538461538461	1.0	1.0	0.7948717948717948	NaN	
0.8444444444444444	0.6818181818181818	0.9111111111111111	0.6666666666666666	0.8888888888888888	0.7333333333333333	0.6222222222222222	0.5882352941176471	0.8444444444444444	0.8444444444444444	0.8444444444444444	0.7777777777777778	0.6097560975609756	0.6666666666666666	0.9111111111111111	0.7435897435897436	0	0.5333333333333333	0.0	0.48484848484848486	0.8620689655172413	0.1111111111111111	0.8222222222222222	NaN	0.7333333333333333	0.8	0.9111111111111111	0.6888888888888889	0.7777777777777778	0.7777777777777778	0.8888888888888888	1.0	0.6888888888888889	NaN	
0.8627450980392157	0.6818181818181818	0.9322033898305084	0.7611940298507462	0.9264705882352942	0.7333333333333333	0.6888888888888889	0.5588235294117647	0.84	0.8727272727272727	0.8985507246376812	0.855072463768116	0.6585365853658537	0.7971014492753623	0.9420289855072463	0.7435897435897436	0.5333333333333333	0	0.6956521739130435	0.5757575757575758	0.8620689655172413	0.1111111111111111	0.8620689655172413	NaN	0.7333333333333333	0.8085106382978723	0.9420289855072463	0.72	0.8113207547169812	0.7916666666666666	0.927536231884058	1.0	0.72	NaN	
1.0	0.6818181818181818	0.8260869565217391	0.6956521739130435	0.8260869565217391	0.8260869565217391	0.782608695652174	0.6956521739130435	0.6956521739130435	1.0	0.8260869565217391	0.9130434782608695	0.8260869565217391	0.782608695652174	0.8260869565217391	1.0	0.0	0.6956521739130435	0	0.8260869565217391	0.8260869565217391	1.0	1.0	NaN	0.8260869565217391	0.8695652173913043	0.8260869565217391	0.7391304347826086	0.8260869565217391	0.8260869565217391	0.8260869565217391	1.0	0.7391304347826086	NaN	
0.7878787878787878	0.8181818181818182	0.696969696969697	0.48484848484848486	0.8484848484848485	0.5151515151515151	0.3939393939393939	0.5151515151515151	0.8787878787878788	0.7878787878787878	0.7575757575757576	0.696969696969697	0.3333333333333333	0.48484848484848486	0.8787878787878788	0.696969696969697	0.48484848484848486	0.5757575757575758	0.8260869565217391	0	0.6551724137931034	0.0	0.6060606060606061	NaN	0.6363636363636364	0.5757575757575758	0.7878787878787878	0.48484848484848486	0.6060606060606061	0.6666666666666666	0.8181818181818182	0.96875	0.48484848484848486	NaN	
1.0	0.8181818181818182	0.5172413793103449	0.8275862068965517	0.8275862068965517	0.8275862068965517	0.8620689655172413	0.8275862068965517	0.8620689655172413	1.0	0.8275862068965517	0.896551724137931	0.7931034482758621	0.8275862068965517	0.6551724137931034	1.0	0.8620689655172413	0.8620689655172413	0.8260869565217391	0.6551724137931034	0	0.8888888888888888	0.9655172413793104	NaN	0.8620689655172413	0.8620689655172413	0.6206896551724138	0.8275862068965517	0.7586206896551724	0.8275862068965517	0.5862068965517241	0.9655172413793104	0.8275862068965517	NaN	
0.2222222222222222	1.0	0.8888888888888888	0.0	0.8888888888888888	0.0	0.1111111111111111	0.1111111111111111	1.0	0.2222222222222222	0.6666666666666666	0.1111111111111111	0.0	0.1111111111111111	1.0	0.1111111111111111	0.1111111111111111	0.1111111111111111	1.0	0.0	0.8888888888888888	0	0.0	NaN	0.1111111111111111	0.2222222222222222	0.8888888888888888	0.0	0.3333333333333333	0.3333333333333333	0.8888888888888888	0.8888888888888888	0.0	NaN	
0.8627450980392157	1.0	0.9137931034482759	0.7758620689655172	0.9827586206896551	0.7333333333333333	0.7333333333333333	0.6470588235294118	1.0	0.8727272727272727	0.9482758620689655	0.8620689655172413	0.6829268292682927	0.8275862068965517	1.0	0.7948717948717948	0.8222222222222222	0.8620689655172413	1.0	0.6060606060606061	0.9655172413793104	0.0	0	NaN	0.8222222222222222	0.7659574468085106	0.9482758620689655	0.74	0.8867924528301887	0.875	0.9827586206896551	0.96875	0.74	NaN	
NaN	NaN	NaN	NaN	NaN	NaN	NaN	NaN	NaN	NaN	NaN	NaN	NaN	NaN	NaN	NaN	NaN	NaN	NaN	NaN	NaN	NaN	NaN	0	NaN	NaN	NaN	NaN	NaN	NaN	NaN	NaN	NaN	NaN	
0.8444444444444444	0.8181818181818182	0.9111111111111111	0.7333333333333333	0.9111111111111111	0.7333333333333333	0.7333333333333333	0.6764705882352942	0.9111111111111111	0.8444444444444444	0.8444444444444444	0.8	0.7073170731707317	0.7333333333333333	0.8666666666666667	0.7948717948717948	0.7333333333333333	0.7333333333333333	0.8260869565217391	0.6363636363636364	0.8620689655172413	0.1111111111111111	0.8222222222222222	NaN	0	0.8	0.9111111111111111	0.7333333333333333	0.7777777777777778	0.7777777777777778	0.9111111111111111	1.0	0.7333333333333333	NaN	
0.8936170212765957	0.8636363636363636	0.8297872340425532	0.7021276595744681	0.9148936170212766	0.7111111111111111	0.7111111111111111	0.6176470588235294	0.9361702127659575	0.8936170212765957	0.9148936170212766	0.8297872340425532	0.6585365853658537	0.7659574468085106	0.9361702127659575	0.8461538461538461	0.8	0.8085106382978723	0.8695652173913043	0.5757575757575758	0.8620689655172413	0.2222222222222222	0.7659574468085106	NaN	0.8	0	0.8723404255319149	0.6382978723404256	0.851063829787234	0.8297872340425532	0.9148936170212766	0.96875	0.6382978723404256	NaN	
1.0	0.6818181818181818	0.711864406779661	0.8507462686567164	0.8676470588235294	0.8444444444444444	0.8666666666666667	0.7058823529411765	0.86	0.9454545454545454	0.9420289855072463	0.9142857142857143	0.8292682926829268	0.9130434782608695	0.8428571428571429	1.0	0.9111111111111111	0.9420289855072463	0.8260869565217391	0.7878787878787878	0.6206896551724138	0.8888888888888888	0.9482758620689655	NaN	0.9111111111111111	0.8723404255319149	0	0.86	0.8679245283018868	0.9166666666666666	0.7857142857142857	0.96875	0.86	NaN	
0.86	0.7272727272727273	0.82	0.62	0.9	0.6444444444444445	0.6444444444444445	0.47058823529411764	0.88	0.86	0.86	0.8	0.5853658536585366	0.72	0.92	0.7948717948717948	0.6888888888888889	0.72	0.7391304347826086	0.48484848484848486	0.8275862068965517	0.0	0.74	NaN	0.7333333333333333	0.6382978723404256	0.86	0	0.8	0.75	0.9	0.96875	0.0	NaN	
0.8823529411764706	0.6818181818181818	0.8490566037735849	0.7547169811320755	0.8679245283018868	0.7777777777777778	0.7777777777777778	0.6176470588235294	0.86	0.8301886792452831	0.8490566037735849	0.7924528301886793	0.7317073170731707	0.7924528301886793	0.9056603773584906	0.8461538461538461	0.7777777777777778	0.8113207547169812	0.8260869565217391	0.6060606060606061	0.7586206896551724	0.3333333333333333	0.8867924528301887	NaN	0.7777777777777778	0.851063829787234	0.8679245283018868	0.8	0	0.75	0.8490566037735849	1.0	0.8	NaN	
0.875	0.8181818181818182	0.8541666666666666	0.7916666666666666	0.9166666666666666	0.7777777777777778	0.7777777777777778	0.7058823529411765	0.9166666666666666	0.875	0.7916666666666666	0.8333333333333334	0.7073170731707317	0.75	0.8958333333333334	0.8461538461538461	0.7777777777777778	0.7916666666666666	0.8260869565217391	0.6666666666666666	0.8275862068965517	0.3333333333333333	0.875	NaN	0.7777777777777778	0.8297872340425532	0.9166666666666666	0.75	0.75	0	0.875	1.0	0.75	NaN	
1.0	0.6818181818181818	0.711864406779661	0.8805970149253731	0.8676470588235294	0.8888888888888888	0.9111111111111111	0.7647058823529411	0.86	0.9454545454545454	0.9130434782608695	0.9054054054054054	0.8048780487804879	0.8985507246376812	0.8589743589743589	1.0	0.8888888888888888	0.927536231884058	0.8260869565217391	0.8181818181818182	0.5862068965517241	0.8888888888888888	0.9827586206896551	NaN	0.9111111111111111	0.9148936170212766	0.7857142857142857	0.9	0.8490566037735849	0.875	0	0.96875	0.9	NaN	
1.0	1.0	0.96875	0.96875	0.96875	0.96875	1.0	0.96875	1.0	1.0	1.0	0.96875	0.96875	1.0	1.0	1.0	1.0	1.0	1.0	0.96875	0.9655172413793104	0.8888888888888888	0.96875	NaN	1.0	0.96875	0.96875	0.96875	1.0	1.0	0.96875	0	0.96875	NaN	
0.86	0.7272727272727273	0.82	0.62	0.9	0.6444444444444445	0.6444444444444445	0.47058823529411764	0.88	0.86	0.86	0.8	0.5853658536585366	0.72	0.92	0.7948717948717948	0.6888888888888889	0.72	0.7391304347826086	0.48484848484848486	0.8275862068965517	0.0	0.74	NaN	0.7333333333333333	0.6382978723404256	0.86	0.0	0.8	0.75	0.9	0.96875	0	NaN	
NaN	NaN	NaN	NaN	NaN	NaN	NaN	NaN	NaN	NaN	NaN	NaN	NaN	NaN	NaN	NaN	NaN	NaN	NaN	NaN	NaN	NaN	NaN	NaN	NaN	NaN	NaN	NaN	NaN	NaN	NaN	NaN	NaN	0	
