1	1	2140
1	2	8
1	3	3
2	1	1382
3	1	1102
4	1	2232
5	1	911
6	1	263
7	1	2097
8	1	893
9	1	279
10	1	236
11	1	475
12	1	5403
13	1	2430
13	2	4
15	1	760
16	1	353
17	1	212
18	1	489
19	1	1221
19	2	3
20	1	680
21	1	1578
21	2	6
22	1	4825
22	2	3
23	1	1338
24	1	757
24	2	4
25	1	1183
26	1	229
27	1	446
28	1	954
29	1	83
30	1	375
30	2	330
30	3	168
30	4	18
31	1	469
32	1	1570
33	1	250
34	1	144
35	1	922
36	1	728
37	1	695
38	1	1797
39	1	427
40	1	1635
40	2	6
41	1	827
42	1	2254
43	1	1540
44	1	1907
45	1	816
46	1	1477
47	1	2476
47	2	10
48	1	1803
49	1	1706
49	2	38
49	3	11
50	1	961
51	1	1344
52	1	420
53	1	1336
54	1	366
54	2	215
55	1	217
57	1	2122
58	1	1364
59	1	1641
60	1	2197
61	1	1884
62	1	472
63	1	152
64	1	4008
65	1	1373
66	1	282
68	1	872
69	1	686
70	1	582
71	1	379
72	1	778
73	1	1670
74	1	1047
75	1	586
76	1	1566
77	1	245
78	1	406
79	1	73
80	1	1842
81	1	1247
82	1	80
83	1	284
84	1	381
84	2	26
85	1	297
86	1	859
87	1	1359
88	1	573
89	1	77
89	2	21
90	1	931
91	1	543
92	1	3456
92	2	8
93	1	301
94	1	696
95	1	542
96	1	2290
97	1	1203
98	1	820
99	1	527
100	1	50
101	1	432
102	1	1771
103	1	40
104	1	684
105	1	39
106	1	41
107	1	274
108	1	501
109	1	503
110	1	137
111	1	990
111	2	550
111	3	6
112	1	540
113	1	1407
114	1	655
115	1	671
116	1	1202
117	1	1609
118	1	41
119	1	86
120	1	59
120	2	16
121	1	193
122	1	89
123	1	241
124	1	930
125	1	908
126	1	638
127	1	791
128	1	144
128	2	16
128	3	21
128	4	16
129	1	913
130	1	1163
131	1	844
132	1	159
133	1	569
134	1	393
135	1	1064
137	1	734
138	1	3
139	1	507
140	1	270
141	1	105
142	1	91
143	1	50
144	1	437
145	1	113
146	1	1487
147	1	438
148	1	99
149	1	48
150	1	88
151	1	99
151	2	80
152	1	509
153	1	250
154	1	308
155	1	1041
156	1	1021
157	1	893
158	1	117
159	1	1274
160	1	752
161	1	738
162	1	327
163	1	275
164	1	52
165	1	25
166	1	1376
167	1	63
168	1	625
169	1	665
169	2	161
170	1	796
171	1	63
172	1	218
173	1	1878
174	1	2018
175	1	99
176	1	1113
177	1	953
178	1	246
179	1	1
181	1	107
182	1	488
183	1	1265
184	1	3375
185	1	984
185	2	437
186	1	1449
186	2	545
186	3	149
186	4	6
186	5	4
187	1	249
188	1	469
189	1	939
190	1	525
191	1	63
192	1	267
193	1	383
194	1	5740
194	2	19
194	3	8
194	4	5
195	1	1634
195	2	6
196	1	260
197	1	33
198	1	1497
199	1	467
200	1	186
201	1	986
202	1	261
203	1	226
204	1	420
205	1	305
206	1	227
207	1	1437
208	1	1629
209	1	470
210	1	85
211	1	153
212	1	155
213	1	280
214	1	61
215	1	32
216	1	14
217	1	650
218	1	682
219	1	626
219	2	22
220	1	854
221	1	347
222	1	470
223	1	754
224	1	754
226	1	512
227	1	1000
228	1	886
229	1	260
230	1	328
231	1	1621
232	1	671
233	1	1760
233	2	8
234	1	685
235	1	1075
236	1	941
237	1	8
238	1	1
239	1	218
240	1	49
241	1	1580
242	1	542
243	1	40
244	1	82
245	1	732
245	2	426
245	3	162
245	4	106
245	5	72
245	6	61
246	1	485
247	1	677
248	1	1583
249	1	1123
250	1	29
251	1	1215
252	1	1369
252	2	353
253	1	769
254	1	709
255	1	340
256	1	639
257	1	656
258	1	1225
258	2	370
259	1	1010
260	1	420
261	1	800
262	1	564
263	1	160
264	1	98
265	1	157
266	1	17
267	1	472
268	1	297
269	1	579
270	1	914
271	1	411
272	1	158
273	1	195
274	1	54
275	1	86
276	1	497
277	1	386
278	1	854
279	1	379
280	1	767
281	1	1042
282	1	586
283	1	141
284	1	2565
284	2	77
285	1	759
286	1	1882
287	1	912
289	1	439
290	1	226
291	1	93
291	2	14
291	3	3
292	1	185
294	1	40
295	1	124
296	1	383
297	1	303
298	1	111
299	1	180
301	1	2478
303	1	784
303	2	482
304	1	472
305	1	304
306	1	29
307	1	19
308	1	174
309	1	1213
310	1	806
311	1	53
312	1	248
313	1	7
314	1	30
315	1	49
316	1	1
317	1	8
317	2	5
318	1	5
318	2	15
319	1	1868
320	1	143
321	1	1777
322	1	45
323	1	98
324	1	177
325	1	4117
326	1	1007
327	1	57
328	1	205
329	1	508
330	1	213
331	1	657
332	1	1014
333	1	104
334	1	2706
335	1	1912
336	1	1280
337	1	461
338	1	542
340	1	354
341	1	427
342	1	579
343	1	212
344	1	1007
344	2	48
345	1	57
346	1	2061
347	1	848
349	1	956
350	1	972
351	1	882
352	1	987
353	1	507
354	1	2065
355	1	960
356	1	1060
357	1	522
358	1	84
359	1	96
360	1	1056
361	1	838
362	1	851
363	1	798
364	1	458
365	1	647
365	2	245
365	3	39
365	4	3
366	1	170
367	1	441
368	1	1043
369	1	358
370	1	276
371	1	672
372	1	380
373	1	388
374	1	489
375	1	712
376	1	568
377	1	669
378	1	634
379	1	1063
380	1	202
381	1	969
382	1	692
383	1	6375
383	2	6
384	1	371
385	1	696
386	1	2368
387	1	6663
388	1	3797
389	1	2447
390	1	1102
391	1	1195
392	1	947
393	1	1522
394	1	497
395	1	81
396	1	2138
399	1	262
400	1	441
401	1	749
403	1	3841
404	1	3017
405	1	845
406	1	100
407	1	141
408	1	164
409	1	537
410	1	381
411	1	140
412	1	164
413	1	210
414	1	426
415	1	291
416	1	3331
417	1	1762
417	2	59
417	3	12
417	4	6
418	1	81
419	1	2032
420	1	724
420	2	335
420	3	242
421	1	2726
421	2	2421
421	3	521
422	1	41
423	1	996
424	1	692
425	1	3
426	1	940
427	1	932
428	1	743
429	1	625
430	1	1829
431	1	391
432	1	563
433	1	143
433	2	138
433	3	81
433	4	3
434	1	709
434	2	62
435	1	860
435	2	58
436	1	78
436	2	51
437	1	633
437	2	289
438	1	562
438	2	369
439	1	411
439	2	186
440	1	1389
440	2	709
441	1	1172
442	1	774
443	1	22
444	1	882
445	1	311
446	1	64
447	1	771
448	1	574
449	1	748
450	1	955
450	2	896
450	3	202
450	4	7
451	1	778
452	1	1435
452	2	6
453	1	1510
454	1	187
455	1	481
456	1	227
457	1	414
458	1	2143
459	1	985
459	2	459
459	3	319
459	4	211
459	5	225
459	6	228
459	7	32
459	8	12
460	1	1056
461	1	387
462	1	23
463	1	1390
463	2	88
467	1	697
468	1	675
469	1	585
470	1	312
471	1	269
472	1	1905
473	1	630
474	1	740
475	1	88
476	1	426
477	1	507
478	1	391
479	1	1472
480	1	1473
481	1	305
483	1	1578
484	1	1765
485	1	1939
486	1	86
487	1	2
488	1	431
489	1	779
489	2	734
489	3	324
490	1	1417
491	1	2316
492	1	4130
492	2	7
493	1	1240
494	1	601
495	1	701
496	1	351
497	1	98
498	1	1133
499	1	853
500	1	304
501	1	454
502	1	1987
503	1	930
504	1	476
505	1	25
506	1	7874
506	2	59
507	1	2217
507	2	647
507	3	400
507	4	7
508	1	527
508	2	319
508	3	251
509	1	3
510	1	862
511	1	355
512	1	1142
513	1	124
514	1	67
514	2	29
515	1	54
516	1	155
516	2	17
517	1	76
518	1	727
518	2	582
518	3	248
519	1	492
519	2	214
519	3	215
520	1	1739
521	1	1574
522	1	204
523	1	159
524	1	967
525	1	244
526	1	76
527	1	85
528	1	88
529	1	294
530	1	639
531	1	1731
532	1	1798
533	1	832
534	1	1149
535	1	698
536	1	1463
537	1	1239
538	1	1288
539	1	246
540	1	606
541	1	178
542	1	57
544	1	154
545	1	153
546	1	224
548	1	338
549	1	458
550	1	629
551	1	626
552	1	293
553	1	1351
554	1	98
555	1	1964
556	1	4956
557	1	597
558	1	3876
560	1	386
561	1	435
562	1	307
563	1	58
564	1	252
565	1	90
566	1	674
566	2	626
567	1	657
568	1	1326
569	1	150
570	1	2396
571	1	2749
572	1	3100
573	1	1181
574	1	2079
575	1	429
576	1	213
577	1	308
578	1	1827
578	2	25
578	3	18
578	4	23
578	5	6
578	6	3
579	1	925
580	1	1199
581	1	575
582	1	665
583	1	755
584	1	987
585	1	304
586	1	665
587	1	5196
588	1	598
589	1	257
590	1	215
591	1	2569
591	2	2
592	1	1002
593	1	161
594	1	1187
595	1	632
596	1	220
597	1	503
598	1	759
599	1	128
600	1	178
601	1	237
602	1	471
603	1	424
604	1	378
605	1	1781
606	1	562
607	1	612
608	1	1123
609	1	498
610	1	682
611	1	3908
612	1	1487
613	1	1379
614	1	1239
615	1	993
616	1	1016
617	1	47
617	2	49
617	3	13
617	4	8
617	5	6
618	1	631
619	1	2030
620	1	844
621	1	112
622	1	403
623	1	793
624	1	142
625	1	204
626	1	179
628	1	149
629	1	1735
631	1	2
632	1	578
632	2	47
633	1	545
634	1	8
635	1	57
636	1	422
637	1	754
638	1	262
639	1	115
640	1	208
641	1	82
642	1	387
643	1	600
644	1	554
645	1	726
646	1	304
647	1	78
648	1	201
648	2	60
649	1	490
649	2	66
650	1	380
650	2	62
651	1	110
652	1	60
654	1	431
655	1	702
656	1	1118
657	1	1138
658	1	1169
659	1	1047
660	1	556
660	2	6
661	1	1527
662	1	458
663	1	140
664	1	149
665	1	72
666	1	801
667	1	383
668	1	216
672	1	392
673	1	382
674	1	1317
674	2	4
675	1	160
676	1	581
678	1	275
679	1	2942
679	2	6
680	1	120
681	1	2137
682	1	264
683	1	1167
683	2	407
683	3	4
684	1	488
685	1	549
686	1	771
687	1	601
689	1	346
690	1	834
691	1	527
692	1	435
693	1	176
694	1	306
695	1	1456
696	1	410
697	1	423
698	1	10
699	1	92
700	1	1003
701	1	332
702	1	479
703	1	567
704	1	38
705	1	62
706	1	75
707	1	66
708	1	928
709	1	130
710	1	112
711	1	202
712	1	964
713	1	1167
714	1	330
715	1	488
716	1	1138
716	2	56
717	1	1734
718	1	637
719	1	330
720	1	26
721	1	31
722	1	503
723	1	516
724	1	456
725	1	87
726	1	52
727	1	176
728	1	177
729	1	384
730	1	59
732	1	1607
733	1	1218
734	1	688
735	1	251
736	1	365
737	1	361
738	1	687
739	1	1187
740	1	1345
741	1	464
742	1	387
743	1	819
743	2	10
744	1	1473
745	1	422
746	1	359
747	1	198
748	1	915
748	2	7
749	1	555
750	1	1322
751	1	214
752	1	723
752	2	495
753	1	204
754	1	1566
755	1	522
756	1	647
757	1	19
758	1	270
759	1	185
760	1	29
761	1	517
761	2	359
762	1	2311
762	2	3
763	1	686
764	1	1789
765	1	2377
766	1	453
767	1	696
768	1	777
769	1	1452
769	2	3
770	1	1142
770	2	4
771	1	666
772	1	218
773	1	467
774	1	346
775	1	397
776	1	349
778	1	551
779	1	178
780	1	8
781	1	30
781	2	17
782	1	79
782	2	61
782	3	46
783	1	119
783	2	22
784	1	641
784	2	176
785	1	1231
786	1	708
787	1	698
788	1	1635
789	1	902
790	1	937
791	1	4487
792	1	338
793	1	433
794	1	349
795	1	1452
796	1	1420
797	1	382
798	1	273
799	1	18
800	1	2180
800	2	13
801	1	1513
802	1	997
803	1	480
804	1	1131
805	1	39
806	1	198
807	1	163
808	1	1684
809	1	371
810	1	849
811	1	955
812	1	1033
813	1	1055
814	1	1146
815	1	32
818	1	790
819	1	1010
820	1	2075
821	1	1712
822	1	18
823	1	471
824	1	790
825	1	250
826	1	517
827	1	291
828	1	671
828	2	181
828	3	88
829	1	1088
829	2	162
830	1	431
830	2	11
831	1	795
834	1	286
835	1	797
836	1	1813
837	1	2332
838	1	1685
839	1	325
840	1	236
841	1	384
842	1	1829
843	1	195
844	1	383
845	1	61
846	1	55
847	1	63
848	1	169
849	1	952
850	1	332
851	1	1022
852	1	413
854	1	42
855	1	1604
856	1	470
857	1	597
858	1	549
859	1	1021
860	1	715
861	1	1238
862	1	855
863	1	227
864	1	2090
865	1	901
866	1	352
867	1	204
868	1	11
868	2	12
868	3	6
869	1	72
870	1	476
871	1	1264
871	2	10
872	1	593
873	1	679
873	2	1241
873	3	4
874	1	302
875	1	275
876	1	924
877	1	522
878	1	1253
879	1	2635
880	1	310
880	2	48
881	1	1040
882	1	499
883	1	10
885	1	854
886	1	528
887	1	153
888	1	840
889	1	31
890	1	311
891	1	1410
892	1	979
892	2	481
892	3	380
892	4	85
893	1	31
894	1	166
894	2	4
896	1	77
897	1	183
898	1	393
899	1	353
900	1	783
901	1	760
902	1	309
903	1	13
904	1	548
905	1	1093
905	2	47
906	1	739
907	1	305
908	1	223
909	1	796
910	1	882
911	1	459
912	1	711
913	1	473
914	1	650
914	2	4
915	1	749
916	1	415
917	1	900
918	1	569
919	1	114
919	2	17
920	1	205
921	1	506
922	1	474
922	2	97
923	1	208
924	1	886
925	1	236
926	1	737
927	1	556
928	1	586
929	1	188
930	1	372
931	1	121
932	1	288
933	1	283
934	1	388
935	1	418
936	1	612
937	1	793
938	1	1
939	1	94
940	1	813
941	1	3501
944	1	310
945	1	24
946	1	42
947	1	107
948	1	542
949	1	1319
950	1	1063
951	1	644
951	2	84
952	1	2623
953	1	140
954	1	900
955	1	1053
956	1	55
957	1	231
958	1	89
959	1	69
960	1	340
960	2	29
961	1	1978
962	1	2241
963	1	2885
964	1	524
965	1	1120
966	1	816
967	1	211
967	2	53
968	1	276
968	2	30
969	1	845
971	1	56
972	1	516
973	1	1019
974	1	1103
975	1	1293
976	1	1320
977	1	492
978	1	532
979	1	1778
980	1	173
981	1	49
982	1	1500
983	1	421
984	1	468
985	1	139
986	1	320
987	1	929
988	1	1043
989	1	1118
990	1	731
991	1	444
992	1	381
993	1	1592
994	1	733
995	1	80
996	1	422
997	1	226
998	1	384
999	1	1455
1000	1	516
1000	2	435
1000	3	159
1000	4	19
1001	1	1095
1002	1	1351
1002	2	30
1003	1	1091
1004	1	10
1004	2	15
1005	1	502
1005	2	449
1005	3	433
1005	4	39
1006	1	658
1006	2	62
1006	3	41
1008	1	87
1009	1	512
1010	1	1221
1011	1	333
1012	1	766
1013	1	697
1014	1	962
1015	1	204
1016	1	240
1017	1	11
1017	2	21
1018	1	547
1019	1	393
1020	1	602
1021	1	537
1022	1	358
1023	1	355
1024	1	320
1025	1	517
1026	1	438
1027	1	269
1028	1	112
1029	1	622
1030	1	1370
1031	1	918
1032	1	556
1033	1	1186
1034	1	1251
1035	1	1365
1036	1	275
1037	1	301
1038	1	1396
1039	1	97
1040	1	1812
1040	2	431
1040	3	19
1041	1	262
1043	1	357
1044	1	157
1045	1	78
1046	1	658
1047	1	456
1048	1	1846
1049	1	636
1050	1	3208
1051	1	526
1052	1	936
1052	2	15
1053	1	961
1054	1	251
1055	1	260
1056	1	58
1057	1	172
1058	1	341
1059	1	9
1060	1	406
1061	1	914
1062	1	537
1063	1	809
1064	1	431
1065	1	253
1066	1	546
1066	2	10
1067	1	77
1068	1	292
1069	1	509
1070	1	1022
1071	1	435
1072	1	611
1073	1	180
1074	1	916
1075	1	181
1076	1	331
1076	2	12
1077	1	988
1077	2	245
1078	1	869
1078	2	178
1079	1	380
1080	1	601
1081	1	265
1082	1	437
1083	1	459
1084	1	202
1085	1	498
1086	1	1028
1087	1	31
1089	1	393
1090	1	363
1091	1	354
1092	1	374
1093	1	923
1094	1	1587
1095	1	1468
1096	1	348
1097	1	1425
1098	1	10
1099	1	698
1100	1	638
1101	1	147
1102	1	1403
1103	1	648
1104	1	1669
1105	1	231
1106	1	4459
1107	1	308
1107	2	233
1108	1	561
1109	1	670
1110	1	110
1110	2	14
1111	1	206
1111	2	16
1112	1	105
1112	2	31
1112	3	3
1113	1	2005
1114	1	295
1115	1	798
1116	1	140
1116	2	129
1117	1	231
1117	2	69
1118	1	7
1119	1	599
1120	1	223
1121	1	423
