0	0.8932584269662921	0.945141065830721	0.9798206278026906	0.9278996865203761	0.9890282131661442	0.9310344827586207	1.0	0.9247648902821317	0.9294670846394985	0.9529780564263323	0.9373040752351097	0.9467084639498433	0.9200626959247649	0.9278996865203761	0.9420062695924765	0.9498432601880877	0.8996865203761756	0.9216300940438872	0.9388714733542319	0.9388714733542319	0.9404388714733543	0.9388714733542319	0.9184952978056427	0.9090909090909091	0.9404388714733543	0.95141065830721	0.9467084639498433	0.945141065830721	0.9482758620689655	0.9420062695924765	
0.8932584269662921	0	0.9400749063670412	1.0	0.850187265917603	0.9794007490636704	0.9176029962546817	0.9962546816479401	0.9344569288389513	0.8632958801498127	0.9438202247191011	0.8876404494382022	0.9307116104868914	0.7940074906367042	0.8445692883895131	0.9382022471910112	0.9419475655430711	0.898876404494382	0.9232209737827716	0.9419475655430711	0.9419475655430711	0.9157303370786517	0.9400749063670412	0.8951310861423221	0.7471910112359551	0.900749063670412	0.9382022471910112	0.9456928838951311	0.9382022471910112	0.9325842696629213	0.9382022471910112	
0.945141065830721	0.9400749063670412	0	0.984304932735426	0.953083109919571	1.0	0.9603365384615384	1.0	0.9682539682539683	0.9665127020785219	0.9659863945578231	0.9648526077097506	0.9648526077097506	0.9659863945578231	0.9532710280373832	0.9614512471655329	0.9693877551020408	0.9648526077097506	0.9534206695778749	0.9569160997732427	0.9569160997732427	0.9614512471655329	0.9523809523809523	0.9648526077097506	0.9659863945578231	0.9625850340136054	0.9659863945578231	0.9648526077097506	0.9682539682539683	0.9671201814058957	0.9569160997732427	
0.9798206278026906	1.0	0.984304932735426	0	0.9977578475336323	1.0	0.9349775784753364	1.0	0.9103139013452914	1.0	0.952914798206278	0.9484304932735426	0.9932735426008968	0.9977578475336323	1.0	0.9596412556053812	0.9663677130044843	0.9372197309417041	0.8856502242152466	0.9349775784753364	0.9417040358744395	0.899103139013453	0.9820627802690582	0.8834080717488789	0.9865470852017937	0.9484304932735426	1.0	0.9484304932735426	1.0	1.0	1.0	
0.9278996865203761	0.850187265917603	0.953083109919571	0.9977578475336323	0	0.9906166219839142	0.9477211796246648	1.0	0.9544235924932976	0.9544235924932976	0.9611260053619303	0.938337801608579	0.9517426273458445	0.9021447721179625	0.9190031152647975	0.9597855227882037	0.9584450402144772	0.9369973190348525	0.9519650655021834	0.9584450402144772	0.9584450402144772	0.9504021447721179	0.9571045576407506	0.9450402144772118	0.9021447721179625	0.9557640750670241	0.9611260053619303	0.9611260053619303	0.9517426273458445	0.9544235924932976	0.9544235924932976	
0.9890282131661442	0.9794007490636704	1.0	1.0	0.9906166219839142	0	0.9878640776699029	0.9924242424242424	0.9987864077669902	0.9951456310679612	1.0	0.9987864077669902	0.9987864077669902	0.9830097087378641	0.9844236760124611	1.0	1.0	0.991504854368932	0.9985443959243085	1.0	1.0	0.9987864077669902	1.0	0.9878640776699029	0.9878640776699029	1.0	1.0	1.0	0.9987864077669902	0.9987864077669902	1.0	
0.9310344827586207	0.9176029962546817	0.9603365384615384	0.9349775784753364	0.9477211796246648	0.9878640776699029	0	1.0	0.9242788461538461	0.9483173076923077	0.9302884615384616	0.9026442307692307	0.9495192307692307	0.9254807692307693	0.9127725856697819	0.9350961538461539	0.9495192307692307	0.9050480769230769	0.893740902474527	0.921875	0.9290865384615384	0.8665865384615384	0.9290865384615384	0.8629807692307693	0.9110576923076923	0.9206730769230769	0.9663461538461539	0.9375	0.953125	0.9615384615384616	0.9399038461538461	
1.0	0.9962546816479401	1.0	1.0	1.0	0.9924242424242424	1.0	0	1.0	0.9974747474747475	1.0	1.0	1.0	0.9974747474747475	1.0	1.0	0.9962121212121212	1.0	1.0	1.0	1.0	1.0	1.0	1.0	1.0	1.0	1.0	1.0	1.0	1.0	1.0	
0.9247648902821317	0.9344569288389513	0.9682539682539683	0.9103139013452914	0.9544235924932976	0.9987864077669902	0.9242788461538461	1.0	0	0.9480369515011547	0.9213483146067416	0.9247191011235955	0.9292134831460674	0.9539325842696629	0.942367601246106	0.950561797752809	0.9584269662921349	0.9179775280898876	0.8296943231441049	0.9258426966292135	0.949438202247191	0.848314606741573	0.949438202247191	0.8820224719101124	0.9078651685393259	0.9134831460674158	0.9685393258426966	0.9415730337078652	0.9573033707865168	0.9415730337078652	0.95578231292517	
0.9294670846394985	0.8632958801498127	0.9665127020785219	1.0	0.9544235924932976	0.9951456310679612	0.9483173076923077	0.9974747474747475	0.9480369515011547	0	0.953810623556582	0.9191685912240185	0.9480369515011547	0.9318706697459584	0.8987538940809969	0.9584295612009238	0.964203233256351	0.953810623556582	0.9403202328966521	0.9457274826789839	0.9653579676674365	0.9399538106235565	0.9607390300230947	0.9295612009237876	0.9099307159353349	0.9353348729792148	0.9653579676674365	0.9665127020785219	0.964203233256351	0.9618937644341802	0.9584295612009238	
0.9529780564263323	0.9438202247191011	0.9659863945578231	0.952914798206278	0.9611260053619303	1.0	0.9302884615384616	1.0	0.9213483146067416	0.953810623556582	0	0.9491833030852994	0.8583690987124464	0.967032967032967	0.9532710280373832	0.8455445544554455	0.9432989690721649	0.9511754068716094	0.9301310043668122	0.8757281553398059	0.9079229122055674	0.9141048824593129	0.9493670886075949	0.923728813559322	0.945750452079566	0.9205298013245033	0.9683544303797469	0.9335260115606936	0.972875226039783	0.959866220735786	0.8786848072562359	
0.9373040752351097	0.8876404494382022	0.9648526077097506	0.9484304932735426	0.938337801608579	0.9987864077669902	0.9026442307692307	1.0	0.9247191011235955	0.9191685912240185	0.9491833030852994	0	0.9463519313304721	0.8989010989010989	0.32242990654205606	0.9574257425742574	0.9577319587628866	0.9174228675136116	0.8922852983988355	0.9378640776699029	0.9518201284796574	0.9156079854809437	0.9519056261343013	0.8898305084745762	0.9029038112522686	0.9370860927152318	0.9736842105263158	0.9585741811175337	0.9673321234119783	0.9632107023411371	0.9591836734693877	
0.9467084639498433	0.9307116104868914	0.9648526077097506	0.9932735426008968	0.9517426273458445	0.9987864077669902	0.9495192307692307	1.0	0.9292134831460674	0.9480369515011547	0.8583690987124464	0.9463519313304721	0	0.9615384615384616	0.9454828660436138	0.9045064377682404	0.9506437768240343	0.9527896995708155	0.9199417758369723	0.9163090128755365	0.944206008583691	0.927038626609442	0.9624463519313304	0.9484978540772532	0.9474248927038627	0.956953642384106	0.953862660944206	0.9581545064377682	0.9581545064377682	0.939799331103679	0.9319727891156463	
0.9200626959247649	0.7940074906367042	0.9659863945578231	0.9977578475336323	0.9021447721179625	0.9830097087378641	0.9254807692307693	0.9974747474747475	0.9539325842696629	0.9318706697459584	0.967032967032967	0.8989010989010989	0.9615384615384616	0	0.8115264797507789	0.967032967032967	0.9648351648351648	0.9461538461538461	0.9330422125181951	0.967032967032967	0.967032967032967	0.9472527472527472	0.9692307692307692	0.9241758241758242	0.8362637362637363	0.9481236203090507	0.9681318681318681	0.9637362637362638	0.9648351648351648	0.9632107023411371	0.9659863945578231	
0.9278996865203761	0.8445692883895131	0.9532710280373832	1.0	0.9190031152647975	0.9844236760124611	0.9127725856697819	1.0	0.942367601246106	0.8987538940809969	0.9532710280373832	0.32242990654205606	0.9454828660436138	0.8115264797507789	0	0.9532710280373832	0.9501557632398754	0.9314641744548287	0.9299065420560748	0.9532710280373832	0.9532710280373832	0.942367601246106	0.956386292834891	0.8800623052959502	0.7492211838006231	0.9252336448598131	0.9548286604361371	0.9485981308411215	0.9501557632398754	0.9485981308411215	0.9532710280373832	
0.9420062695924765	0.9382022471910112	0.9614512471655329	0.9596412556053812	0.9597855227882037	1.0	0.9350961538461539	1.0	0.950561797752809	0.9584295612009238	0.8455445544554455	0.9574257425742574	0.9045064377682404	0.967032967032967	0.9532710280373832	0	0.9463917525773196	0.9584158415841584	0.9301310043668122	0.9188118811881189	0.9421841541755889	0.9366336633663367	0.9356435643564357	0.9405940594059405	0.9623762376237623	0.9216335540838853	0.9683168316831683	0.9336633663366337	0.9673267326732673	0.9609810479375697	0.8072562358276644	
0.9498432601880877	0.9419475655430711	0.9693877551020408	0.9663677130044843	0.9584450402144772	1.0	0.9495192307692307	0.9962121212121212	0.9584269662921349	0.964203233256351	0.9432989690721649	0.9577319587628866	0.9506437768240343	0.9648351648351648	0.9501557632398754	0.9463917525773196	0	0.9567010309278351	0.9403202328966521	0.9463917525773196	0.9486081370449678	0.954639175257732	0.9628865979381444	0.9515463917525773	0.9670103092783505	0.9668874172185431	0.9628865979381444	0.9525773195876288	0.965979381443299	0.9654403567447045	0.95578231292517	
0.8996865203761756	0.898876404494382	0.9648526077097506	0.9372197309417041	0.9369973190348525	0.991504854368932	0.9050480769230769	1.0	0.9179775280898876	0.953810623556582	0.9511754068716094	0.9174228675136116	0.9527896995708155	0.9461538461538461	0.9314641744548287	0.9584158415841584	0.9567010309278351	0	0.9068413391557496	0.9533980582524272	0.9593147751605996	0.9166666666666666	0.9250398724082934	0.8747645951035782	0.925	0.9304635761589404	0.9741602067183462	0.9595375722543352	0.9485294117647058	0.9632107023411371	0.9591836734693877	
0.9216300940438872	0.9232209737827716	0.9534206695778749	0.8856502242152466	0.9519650655021834	0.9985443959243085	0.893740902474527	1.0	0.8296943231441049	0.9403202328966521	0.9301310043668122	0.8922852983988355	0.9199417758369723	0.9330422125181951	0.9299065420560748	0.9301310043668122	0.9403202328966521	0.9068413391557496	0	0.9243085880640466	0.9243085880640466	0.87627365356623	0.950509461426492	0.8442503639010189	0.9213973799126638	0.9097525473071325	0.9592430858806404	0.9126637554585153	0.9446870451237264	0.925764192139738	0.9374090247452693	
0.9388714733542319	0.9419475655430711	0.9569160997732427	0.9349775784753364	0.9584450402144772	1.0	0.921875	1.0	0.9258426966292135	0.9457274826789839	0.8757281553398059	0.9378640776699029	0.9163090128755365	0.967032967032967	0.9532710280373832	0.9188118811881189	0.9463917525773196	0.9533980582524272	0.9243085880640466	0	0.3297644539614561	0.9155339805825242	0.9533980582524272	0.9174757281553398	0.9504854368932039	0.9613686534216336	0.974757281553398	0.9514563106796117	0.9660194174757282	0.9643255295429208	0.9410430839002267	
0.9388714733542319	0.9419475655430711	0.9569160997732427	0.9417040358744395	0.9584450402144772	1.0	0.9290865384615384	1.0	0.949438202247191	0.9653579676674365	0.9079229122055674	0.9518201284796574	0.944206008583691	0.967032967032967	0.9532710280373832	0.9421841541755889	0.9486081370449678	0.9593147751605996	0.9243085880640466	0.3297644539614561	0	0.9261241970021413	0.9218415417558886	0.9293361884368309	0.9678800856531049	0.9679911699779249	0.9721627408993576	0.9528907922912205	0.9625267665952891	0.9643255295429208	0.95578231292517	
0.9404388714733543	0.9157303370786517	0.9614512471655329	0.899103139013453	0.9504021447721179	0.9987864077669902	0.8665865384615384	1.0	0.848314606741573	0.9399538106235565	0.9141048824593129	0.9156079854809437	0.927038626609442	0.9472527472527472	0.942367601246106	0.9366336633663367	0.954639175257732	0.9166666666666666	0.87627365356623	0.9155339805825242	0.9261241970021413	0	0.9292929292929293	0.8568738229755178	0.9326599326599326	0.8741721854304636	0.9750215331610681	0.941233140655106	0.9545454545454546	0.9409141583054627	0.9489795918367347	
0.9388714733542319	0.9400749063670412	0.9523809523809523	0.9820627802690582	0.9571045576407506	1.0	0.9290865384615384	1.0	0.949438202247191	0.9607390300230947	0.9493670886075949	0.9519056261343013	0.9624463519313304	0.9692307692307692	0.956386292834891	0.9356435643564357	0.9628865979381444	0.9250398724082934	0.950509461426492	0.9533980582524272	0.9218415417558886	0.9292929292929293	0	0.923728813559322	0.96	0.8940397350993378	0.9758828596037898	0.9547206165703276	0.9509803921568627	0.967670011148272	0.9387755102040817	
0.9184952978056427	0.8951310861423221	0.9648526077097506	0.8834080717488789	0.9450402144772118	0.9878640776699029	0.8629807692307693	1.0	0.8820224719101124	0.9295612009237876	0.923728813559322	0.8898305084745762	0.9484978540772532	0.9241758241758242	0.8800623052959502	0.9405940594059405	0.9515463917525773	0.8747645951035782	0.8442503639010189	0.9174757281553398	0.9293361884368309	0.8568738229755178	0.923728813559322	0	0.8785310734463276	0.8885209713024282	0.9736346516007532	0.9364161849710982	0.955743879472693	0.9643255295429208	0.9478458049886621	
0.9090909090909091	0.7471910112359551	0.9659863945578231	0.9865470852017937	0.9021447721179625	0.9878640776699029	0.9110576923076923	1.0	0.9078651685393259	0.9099307159353349	0.945750452079566	0.9029038112522686	0.9474248927038627	0.8362637362637363	0.7492211838006231	0.9623762376237623	0.9670103092783505	0.925	0.9213973799126638	0.9504854368932039	0.9678800856531049	0.9326599326599326	0.96	0.8785310734463276	0	0.9161147902869757	0.9750215331610681	0.9691714836223507	0.9683333333333334	0.9632107023411371	0.9591836734693877	
0.9404388714733543	0.900749063670412	0.9625850340136054	0.9484304932735426	0.9557640750670241	1.0	0.9206730769230769	1.0	0.9134831460674158	0.9353348729792148	0.9205298013245033	0.9370860927152318	0.956953642384106	0.9481236203090507	0.9252336448598131	0.9216335540838853	0.9668874172185431	0.9304635761589404	0.9097525473071325	0.9613686534216336	0.9679911699779249	0.8741721854304636	0.8940397350993378	0.8885209713024282	0.9161147902869757	0	0.9690949227373068	0.9315673289183223	0.9624724061810155	0.9643255295429208	0.9183673469387755	
0.95141065830721	0.9382022471910112	0.9659863945578231	1.0	0.9611260053619303	1.0	0.9663461538461539	1.0	0.9685393258426966	0.9653579676674365	0.9683544303797469	0.9736842105263158	0.953862660944206	0.9681318681318681	0.9548286604361371	0.9683168316831683	0.9628865979381444	0.9741602067183462	0.9592430858806404	0.974757281553398	0.9721627408993576	0.9750215331610681	0.9758828596037898	0.9736346516007532	0.9750215331610681	0.9690949227373068	0	0.9614643545279383	0.9776055124892334	0.9687848383500557	0.963718820861678	
0.9467084639498433	0.9456928838951311	0.9648526077097506	0.9484304932735426	0.9611260053619303	1.0	0.9375	1.0	0.9415730337078652	0.9665127020785219	0.9335260115606936	0.9585741811175337	0.9581545064377682	0.9637362637362638	0.9485981308411215	0.9336633663366337	0.9525773195876288	0.9595375722543352	0.9126637554585153	0.9514563106796117	0.9528907922912205	0.941233140655106	0.9547206165703276	0.9364161849710982	0.9691714836223507	0.9315673289183223	0.9614643545279383	0	0.9720616570327553	0.9654403567447045	0.9365079365079365	
0.945141065830721	0.9382022471910112	0.9682539682539683	1.0	0.9517426273458445	0.9987864077669902	0.953125	1.0	0.9573033707865168	0.964203233256351	0.972875226039783	0.9673321234119783	0.9581545064377682	0.9648351648351648	0.9501557632398754	0.9673267326732673	0.965979381443299	0.9485294117647058	0.9446870451237264	0.9660194174757282	0.9625267665952891	0.9545454545454546	0.9509803921568627	0.955743879472693	0.9683333333333334	0.9624724061810155	0.9776055124892334	0.9720616570327553	0	0.9565217391304348	0.963718820861678	
0.9482758620689655	0.9325842696629213	0.9671201814058957	1.0	0.9544235924932976	0.9987864077669902	0.9615384615384616	1.0	0.9415730337078652	0.9618937644341802	0.959866220735786	0.9632107023411371	0.939799331103679	0.9632107023411371	0.9485981308411215	0.9609810479375697	0.9654403567447045	0.9632107023411371	0.925764192139738	0.9643255295429208	0.9643255295429208	0.9409141583054627	0.967670011148272	0.9643255295429208	0.9632107023411371	0.9643255295429208	0.9687848383500557	0.9654403567447045	0.9565217391304348	0	0.9603174603174603	
0.9420062695924765	0.9382022471910112	0.9569160997732427	1.0	0.9544235924932976	1.0	0.9399038461538461	1.0	0.95578231292517	0.9584295612009238	0.8786848072562359	0.9591836734693877	0.9319727891156463	0.9659863945578231	0.9532710280373832	0.8072562358276644	0.95578231292517	0.9591836734693877	0.9374090247452693	0.9410430839002267	0.95578231292517	0.9489795918367347	0.9387755102040817	0.9478458049886621	0.9591836734693877	0.9183673469387755	0.963718820861678	0.9365079365079365	0.963718820861678	0.9603174603174603	0	
