0	0.8389121338912134	0.9707317073170731	0.9494117647058824	0.8992718446601942	0.9337349397590361	0.8984615384615384	0.8787878787878788	0.9168514412416852	0.9393063583815029	0.9229287090558767	0.953757225433526	0.9730250481695568	0.9653179190751445	0.964354527938343	0.9624277456647399	0.9602577873254565	0.9662813102119461	0.9942196531791907	0.9460500963391136	0.9922928709055877	0.9460500963391136	0.9527938342967245	0.9585741811175337	0.9633911368015414	0.9393063583815029	0.9393063583815029	0.964354527938343	
0.8389121338912134	0	0.9414225941422594	0.8891213389121339	0.8640167364016736	0.8682008368200836	0.8744769874476988	0.7907949790794979	0.8326359832635983	0.9037656903765691	0.8242677824267782	0.9100418410041841	0.9623430962343096	0.9121338912133892	0.9205020920502092	0.9100418410041841	0.9205020920502092	0.9246861924686193	0.9895397489539749	0.8702928870292888	0.9895397489539749	0.8263598326359832	0.9037656903765691	0.9225941422594143	0.9225941422594143	0.8200836820083682	0.8744769874476988	0.891213389121339	
0.9707317073170731	0.9414225941422594	0	0.975609756097561	0.973170731707317	0.9719512195121951	0.9569230769230769	0.9696969696969697	0.9707317073170731	0.9768292682926829	0.9707317073170731	0.9768292682926829	0.9829268292682927	0.9768292682926829	0.974390243902439	0.975609756097561	0.974390243902439	0.9768292682926829	0.9951219512195122	0.9865853658536585	0.9585365853658536	0.9646341463414634	0.9682926829268292	0.974390243902439	0.975609756097561	0.9682926829268292	0.9609756097560975	0.9524390243902439	
0.9494117647058824	0.8891213389121339	0.975609756097561	0	0.9368932038834952	0.9623529411764706	0.9492307692307692	0.9292929292929293	0.9447058823529412	0.9588235294117647	0.9411764705882353	0.9729411764705882	0.9835294117647059	0.971764705882353	0.9529411764705882	0.9317647058823529	0.9529411764705882	0.9729411764705882	0.9988235294117647	0.9647058823529412	0.9941176470588236	0.9552941176470588	0.94	0.96	0.971764705882353	0.8835294117647059	0.96	0.9564705882352941	
0.8992718446601942	0.8640167364016736	0.973170731707317	0.9368932038834952	0	0.9441747572815534	0.94	0.9255050505050505	0.9368932038834952	0.9429611650485437	0.9320388349514563	0.9587378640776699	0.9781553398058253	0.970873786407767	0.9283980582524272	0.9356796116504854	0.9283980582524272	0.9720873786407767	0.9987864077669902	0.9526699029126213	0.9866504854368932	0.9563106796116505	0.933252427184466	0.9441747572815534	0.9599514563106796	0.9138349514563107	0.9514563106796117	0.9526699029126213	
0.9337349397590361	0.8682008368200836	0.9719512195121951	0.9623529411764706	0.9441747572815534	0	0.8292307692307692	0.9141414141414141	0.9401330376940134	0.9387550200803213	0.9467871485943775	0.9156626506024096	0.9728915662650602	0.9528112449799196	0.9216867469879518	0.9728915662650602	0.916219119226638	0.9618473895582329	0.9939759036144579	0.893574297188755	0.9708835341365462	0.8985943775100401	0.9337349397590361	0.9618473895582329	0.9769076305220884	0.9618473895582329	0.9126506024096386	0.9528112449799196	
0.8984615384615384	0.8744769874476988	0.9569230769230769	0.9492307692307692	0.94	0.8292307692307692	0	0.8969230769230769	0.92	0.8630769230769231	0.9138461538461539	0.84	0.9292307692307692	0.8861538461538462	0.8292307692307692	0.9569230769230769	0.8292307692307692	0.8984615384615384	0.9661538461538461	0.8461538461538461	0.94	0.8	0.8523076923076923	0.9415384615384615	0.9646153846153847	0.9415384615384615	0.7907692307692308	0.916923076923077	
0.8787878787878788	0.7907949790794979	0.9696969696969697	0.9292929292929293	0.9255050505050505	0.9141414141414141	0.8969230769230769	0	0.8926767676767676	0.9393939393939394	0.8888888888888888	0.9507575757575758	0.9772727272727273	0.9545454545454546	0.9558080808080808	0.946969696969697	0.9558080808080808	0.9558080808080808	0.9924242424242424	0.9090909090909091	0.9873737373737373	0.9116161616161617	0.9255050505050505	0.9494949494949495	0.9532828282828283	0.9027777777777778	0.9292929292929293	0.9305555555555556	
0.9168514412416852	0.8326359832635983	0.9707317073170731	0.9447058823529412	0.9368932038834952	0.9401330376940134	0.92	0.8926767676767676	0	0.9456762749445676	0.8314855875831486	0.9523281596452328	0.9789356984478935	0.9600886917960089	0.9578713968957872	0.9534368070953437	0.9578713968957872	0.9611973392461197	0.9933481152993349	0.9401330376940134	0.9922394678492239	0.9279379157427938	0.9445676274944568	0.9567627494456763	0.9611973392461197	0.9290465631929047	0.9434589800443459	0.9512195121951219	
0.9393063583815029	0.9037656903765691	0.9768292682926829	0.9588235294117647	0.9429611650485437	0.9387550200803213	0.8630769230769231	0.9393939393939394	0.9456762749445676	0	0.9538188277087034	0.9294019933554817	0.9558610709117221	0.9326145552560647	0.9460132890365448	0.9794520547945206	0.9301825993555317	0.9246323529411765	0.9975409836065574	0.9751506024096386	0.9964973730297724	0.95	0.9690265486725663	0.9674457429048414	0.9821124361158433	0.9758064516129032	0.9524158125915081	0.9587955625990491	
0.9229287090558767	0.8242677824267782	0.9707317073170731	0.9411764705882353	0.9320388349514563	0.9467871485943775	0.9138461538461539	0.8888888888888888	0.8314855875831486	0.9538188277087034	0	0.9635879218472468	0.9813499111900533	0.9649595687331537	0.9706927175843695	0.9626998223801065	0.9645542427497314	0.9678308823529411	0.9937833037300178	0.9529307282415631	0.9902309058614565	0.9431616341030196	0.9564831261101243	0.9262877442273535	0.9671403197158082	0.9440497335701599	0.9520426287744227	0.9582593250444049	
0.953757225433526	0.9100418410041841	0.9768292682926829	0.9729411764705882	0.9587378640776699	0.9156626506024096	0.84	0.9507575757575758	0.9523281596452328	0.9294019933554817	0.9635879218472468	0	0.9476744186046512	0.9281221922731356	0.9235880398671097	0.9800664451827242	0.9011815252416756	0.9145220588235294	0.9975083056478405	0.9485049833887044	0.9833625218914186	0.9318936877076412	0.9651162790697675	0.9816360601001669	0.9923339011925043	0.9808970099667774	0.9426910299003323	0.9667774086378738	
0.9730250481695568	0.9623430962343096	0.9829268292682927	0.9835294117647059	0.9781553398058253	0.9728915662650602	0.9292307692307692	0.9772727272727273	0.9789356984478935	0.9558610709117221	0.9813499111900533	0.9476744186046512	0	0.9595687331536388	0.9659468438538206	0.989345509893455	0.9559613319011815	0.9466911764705882	1.0	0.9977409638554217	1.0	0.9863636363636363	0.9889380530973452	0.9891485809682805	1.0	0.9890029325513197	0.9765739385065886	0.9865293185419969	
0.9653179190751445	0.9121338912133892	0.9768292682926829	0.971764705882353	0.970873786407767	0.9528112449799196	0.8861538461538462	0.9545454545454546	0.9600886917960089	0.9326145552560647	0.9649595687331537	0.9281221922731356	0.9595687331536388	0	0.954177897574124	0.977538185085355	0.9452201933404941	0.8979779411764706	0.995507637017071	0.9730458221024259	0.9964061096136568	0.9487870619946092	0.977538185085355	0.9793351302785265	0.9910152740341419	0.9784366576819407	0.9604672057502246	0.9640610961365679	
0.964354527938343	0.9205020920502092	0.974390243902439	0.9529411764705882	0.9283980582524272	0.9216867469879518	0.8292307692307692	0.9558080808080808	0.9578713968957872	0.9460132890365448	0.9706927175843695	0.9235880398671097	0.9659468438538206	0.954177897574124	0	0.9651162790697675	0.19548872180451127	0.9623161764705882	0.9991694352159468	0.946843853820598	0.9816112084063048	0.9028239202657807	0.904485049833887	0.9666110183639399	0.9846678023850085	0.96843853820598	0.9169435215946844	0.9593023255813954	
0.9624277456647399	0.9100418410041841	0.975609756097561	0.9317647058823529	0.9356796116504854	0.9728915662650602	0.9569230769230769	0.946969696969697	0.9534368070953437	0.9794520547945206	0.9626998223801065	0.9800664451827242	0.989345509893455	0.977538185085355	0.9651162790697675	0	0.9548872180451128	0.9779411764705882	0.9991803278688525	0.9809741248097412	0.9964973730297724	0.9756468797564688	0.9619482496194824	0.9732888146911519	0.9821124361158433	0.9550989345509894	0.9779299847792998	0.9762282091917591	
0.9602577873254565	0.9205020920502092	0.974390243902439	0.9529411764705882	0.9283980582524272	0.916219119226638	0.8292307692307692	0.9558080808080808	0.9578713968957872	0.9301825993555317	0.9645542427497314	0.9011815252416756	0.9559613319011815	0.9452201933404941	0.19548872180451127	0.9548872180451128	0	0.9559613319011815	0.9989258861439313	0.9312567132116004	0.9774436090225563	0.874328678839957	0.8764769065520945	0.9570354457572503	0.9806659505907627	0.9591836734693877	0.8925886143931256	0.9473684210526315	
0.9662813102119461	0.9246861924686193	0.9768292682926829	0.9729411764705882	0.9720873786407767	0.9618473895582329	0.8984615384615384	0.9558080808080808	0.9611973392461197	0.9246323529411765	0.9678308823529411	0.9145220588235294	0.9466911764705882	0.8979779411764706	0.9623161764705882	0.9779411764705882	0.9559613319011815	0	0.9981617647058824	0.9806985294117647	0.9963235294117647	0.9568014705882353	0.9779411764705882	0.9797794117647058	0.9917279411764706	0.9788602941176471	0.9659926470588235	0.9696691176470589	
0.9942196531791907	0.9895397489539749	0.9951219512195122	0.9988235294117647	0.9987864077669902	0.9939759036144579	0.9661538461538461	0.9924242424242424	0.9933481152993349	0.9975409836065574	0.9937833037300178	0.9975083056478405	1.0	0.995507637017071	0.9991694352159468	0.9991803278688525	0.9989258861439313	0.9981617647058824	0	0.9942622950819672	1.0	0.9950819672131147	0.9967213114754099	0.9974958263772955	0.9974446337308348	0.9975409836065574	0.9934426229508196	0.9967213114754099	
0.9460500963391136	0.8702928870292888	0.9865853658536585	0.9647058823529412	0.9526699029126213	0.893574297188755	0.8461538461538461	0.9090909090909091	0.9401330376940134	0.9751506024096386	0.9529307282415631	0.9485049833887044	0.9977409638554217	0.9730458221024259	0.946843853820598	0.9809741248097412	0.9312567132116004	0.9806985294117647	0.9942622950819672	0	0.9702276707530648	0.931060606060606	0.9359939759036144	0.9808013355592654	0.9701873935264055	0.9691265060240963	0.9149096385542169	0.971473851030111	
0.9922928709055877	0.9895397489539749	0.9585365853658536	0.9941176470588236	0.9866504854368932	0.9708835341365462	0.94	0.9873737373737373	0.9922394678492239	0.9964973730297724	0.9902309058614565	0.9833625218914186	1.0	0.9964061096136568	0.9816112084063048	0.9964973730297724	0.9774436090225563	0.9963235294117647	1.0	0.9702276707530648	0	0.9448336252189142	0.9693520140105079	0.9964973730297724	0.989492119089317	0.9956217162872154	0.9693520140105079	0.98861646234676	
0.9460500963391136	0.8263598326359832	0.9646341463414634	0.9552941176470588	0.9563106796116505	0.8985943775100401	0.8	0.9116161616161617	0.9279379157427938	0.95	0.9431616341030196	0.9318936877076412	0.9863636363636363	0.9487870619946092	0.9028239202657807	0.9756468797564688	0.874328678839957	0.9568014705882353	0.9950819672131147	0.931060606060606	0.9448336252189142	0	0.9159090909090909	0.9674457429048414	0.9812606473594548	0.9674242424242424	0.8712121212121212	0.9508716323296355	
0.9527938342967245	0.9037656903765691	0.9682926829268292	0.94	0.933252427184466	0.9337349397590361	0.8523076923076923	0.9255050505050505	0.9445676274944568	0.9690265486725663	0.9564831261101243	0.9651162790697675	0.9889380530973452	0.977538185085355	0.904485049833887	0.9619482496194824	0.8764769065520945	0.9779411764705882	0.9967213114754099	0.9359939759036144	0.9693520140105079	0.9159090909090909	0	0.9565943238731218	0.9804088586030665	0.9601769911504425	0.9306784660766961	0.96513470681458	
0.9585741811175337	0.9225941422594143	0.974390243902439	0.96	0.9441747572815534	0.9618473895582329	0.9415384615384615	0.9494949494949495	0.9567627494456763	0.9674457429048414	0.9262877442273535	0.9816360601001669	0.9891485809682805	0.9793351302785265	0.9666110183639399	0.9732888146911519	0.9570354457572503	0.9797794117647058	0.9974958263772955	0.9808013355592654	0.9964973730297724	0.9674457429048414	0.9565943238731218	0	0.9787052810902896	0.9682804674457429	0.9674457429048414	0.9707846410684474	
0.9633911368015414	0.9225941422594143	0.975609756097561	0.971764705882353	0.9599514563106796	0.9769076305220884	0.9646153846153847	0.9532828282828283	0.9611973392461197	0.9821124361158433	0.9671403197158082	0.9923339011925043	1.0	0.9910152740341419	0.9846678023850085	0.9821124361158433	0.9806659505907627	0.9917279411764706	0.9974446337308348	0.9701873935264055	0.989492119089317	0.9812606473594548	0.9804088586030665	0.9787052810902896	0	0.965076660988075	0.9812606473594548	0.9761499148211243	
0.9393063583815029	0.8200836820083682	0.9682926829268292	0.8835294117647059	0.9138349514563107	0.9618473895582329	0.9415384615384615	0.9027777777777778	0.9290465631929047	0.9758064516129032	0.9440497335701599	0.9808970099667774	0.9890029325513197	0.9784366576819407	0.96843853820598	0.9550989345509894	0.9591836734693877	0.9788602941176471	0.9975409836065574	0.9691265060240963	0.9956217162872154	0.9674242424242424	0.9601769911504425	0.9682804674457429	0.965076660988075	0	0.9721407624633431	0.9659270998415214	
0.9393063583815029	0.8744769874476988	0.9609756097560975	0.96	0.9514563106796117	0.9126506024096386	0.7907692307692308	0.9292929292929293	0.9434589800443459	0.9524158125915081	0.9520426287744227	0.9426910299003323	0.9765739385065886	0.9604672057502246	0.9169435215946844	0.9779299847792998	0.8925886143931256	0.9659926470588235	0.9934426229508196	0.9149096385542169	0.9693520140105079	0.8712121212121212	0.9306784660766961	0.9674457429048414	0.9812606473594548	0.9721407624633431	0	0.9659270998415214	
0.964354527938343	0.891213389121339	0.9524390243902439	0.9564705882352941	0.9526699029126213	0.9528112449799196	0.916923076923077	0.9305555555555556	0.9512195121951219	0.9587955625990491	0.9582593250444049	0.9667774086378738	0.9865293185419969	0.9640610961365679	0.9593023255813954	0.9762282091917591	0.9473684210526315	0.9696691176470589	0.9967213114754099	0.971473851030111	0.98861646234676	0.9508716323296355	0.96513470681458	0.9707846410684474	0.9761499148211243	0.9659270998415214	0.9659270998415214	0	
