0	0.868237347294939	0.8823529411764706	0.8937007874015748	0.889763779527559	0.8842519685039371	0.8913385826771654	0.8700787401574803	0.868503937007874	0.8952755905511811	0.8732283464566929	0.8755905511811024	0.8692913385826772	0.8976377952755905	0.8692913385826772	0.8795275590551181	0.8992125984251969	0.8669291338582678	0.889763779527559	0.9023622047244094	0.9039370078740158	0.9118110236220472	0.9094488188976378	0.9326923076923077	0.8826771653543307	0.8826771653543307	0.9118110236220472	0.9417322834645669	0.8905511811023622	
0.868237347294939	0	0.8804537521815009	0.8900523560209425	0.9022687609075044	0.9013961605584643	0.8891797556719022	0.8830715532286213	0.8839441535776614	0.893542757417103	0.8848167539267016	0.8760907504363001	0.87521815008726	0.8673647469458988	0.87521815008726	0.8717277486910995	0.9092495636998255	0.8595113438045375	0.887434554973822	0.9162303664921466	0.8778359511343804	0.8865619546247818	0.9380453752181501	0.9017094017094017	0.8848167539267016	0.887434554973822	0.8865619546247818	0.9179755671902269	0.9040139616055847	
0.8823529411764706	0.8804537521815009	0	0.8744038155802861	0.9038155802861685	0.904610492845787	0.8942766295707473	0.8799682034976153	0.8744038155802861	0.8871224165341812	0.863275039745628	0.8465818759936407	0.8736089030206677	0.8990461049284578	0.8736089030206677	0.8076311605723371	0.9077901430842608	0.8887122416534181	0.8982511923688394	0.8926868044515104	0.8823529411764706	0.9030206677265501	0.9300476947535771	0.8814102564102564	0.8744038155802861	0.8497615262321144	0.8982511923688394	0.9220985691573926	0.8942766295707473	
0.8937007874015748	0.8900523560209425	0.8744038155802861	0	0.9297752808988764	0.9263622974963182	0.9263888888888889	0.9166666666666666	0.9	0.9104166666666667	0.9034722222222222	0.8868055555555555	0.8965277777777778	0.9263888888888889	0.8965277777777778	0.8757396449704142	0.9402777777777778	0.9173611111111111	0.9243055555555556	0.9277777777777778	0.89375	0.9118055555555555	0.9447806354009077	0.8782051282051282	0.9215277777777777	0.9111111111111111	0.9118055555555555	0.9409722222222222	0.9319444444444445	
0.889763779527559	0.9022687609075044	0.9038155802861685	0.9297752808988764	0	0.6038291605301914	0.9073033707865169	0.8792134831460674	0.9044943820224719	0.8981741573033708	0.8855337078651685	0.8911516853932584	0.8862359550561798	0.9410112359550562	0.8841292134831461	0.9075443786982249	0.8764044943820225	0.875	0.9087078651685393	0.9157303370786517	0.9262640449438202	0.8925561797752809	0.943267776096823	0.936965811965812	0.9241573033707865	0.9101123595505618	0.8925561797752809	0.9396067415730337	0.8883426966292135	
0.8842519685039371	0.9013961605584643	0.904610492845787	0.9263622974963182	0.6038291605301914	0	0.9013254786450663	0.8645066273932254	0.8910162002945509	0.8843888070692194	0.8748159057437408	0.8696612665684831	0.885861561119293	0.9381443298969072	0.885861561119293	0.9075443786982249	0.8608247422680413	0.8593519882179675	0.8954344624447718	0.9108983799705449	0.9226804123711341	0.8762886597938144	0.9425113464447806	0.936965811965812	0.9182621502209131	0.9086892488954345	0.8762886597938144	0.9263622974963182	0.8755522827687776	
0.8913385826771654	0.8891797556719022	0.8942766295707473	0.9263888888888889	0.9073033707865169	0.9013254786450663	0	0.9071782178217822	0.900990099009901	0.8607673267326733	0.8774752475247525	0.9176980198019802	0.8818069306930693	0.943069306930693	0.8811881188118812	0.900887573964497	0.8842821782178217	0.9040841584158416	0.9201732673267327	0.9133663366336634	0.9331683168316832	0.8839634941329857	0.9273827534039334	0.9188034188034188	0.9170792079207921	0.9412128712871287	0.8898514851485149	0.9498730964467005	0.8621151271753681	
0.8700787401574803	0.8830715532286213	0.8799682034976153	0.9166666666666666	0.8792134831460674	0.8645066273932254	0.9071782178217822	0	0.8420096852300242	0.8825665859564165	0.8535108958837773	0.862590799031477	0.8868038740920097	0.9382566585956417	0.8905867970660146	0.8498520710059172	0.8771186440677966	0.8613801452784504	0.8837772397094431	0.9037530266343826	0.9151515151515152	0.8748370273794003	0.9273827534039334	0.9305555555555556	0.9261501210653753	0.9267554479418886	0.8765133171912833	0.9206852791878173	0.8587684069611781	
0.868503937007874	0.8839441535776614	0.8744038155802861	0.9	0.9044943820224719	0.8910162002945509	0.900990099009901	0.8420096852300242	0	0.911318553092182	0.8776371308016878	0.8499446290143965	0.8890756302521008	0.9397163120567376	0.8973105134474327	0.8224852071005917	0.8828382838283828	0.8674768518518519	0.8897849462365591	0.9115426105717368	0.9266666666666666	0.8983050847457628	0.926626323751891	0.9337606837606838	0.9226327944572749	0.9246344206974129	0.8907849829351536	0.9200507614213198	0.8748326639892905	
0.8952755905511811	0.893542757417103	0.8871224165341812	0.9104166666666667	0.8981741573033708	0.8843888070692194	0.8607673267326733	0.8825665859564165	0.911318553092182	0	0.8331388564760793	0.9229871645274212	0.8074679113185531	0.943853427895981	0.8001222493887531	0.8816568047337278	0.837222870478413	0.8862310385064177	0.8955659276546091	0.8920653442240374	0.9254545454545454	0.8650586701434159	0.9273827534039334	0.8952991452991453	0.9387397899649942	0.9399066511085181	0.8652275379229871	0.9371827411167513	0.8299866131191432	
0.8732283464566929	0.8848167539267016	0.863275039745628	0.9034722222222222	0.8855337078651685	0.8748159057437408	0.8774752475247525	0.8535108958837773	0.8776371308016878	0.8331388564760793	0	0.8931339977851606	0.8319327731092437	0.942080378250591	0.8227383863080685	0.8424556213017751	0.8619361936193619	0.8703703703703703	0.9016129032258065	0.8786407766990292	0.9024242424242425	0.8676662320730117	0.9281391830559758	0.8899572649572649	0.9209006928406467	0.9257592800899888	0.8725824800910125	0.9359137055837563	0.7302543507362784	
0.8755905511811024	0.8760907504363001	0.8465818759936407	0.8868055555555555	0.8911516853932584	0.8696612665684831	0.9176980198019802	0.862590799031477	0.8499446290143965	0.9229871645274212	0.8931339977851606	0	0.9148459383753501	0.933806146572104	0.9070904645476773	0.8150887573964497	0.9047619047619048	0.8836805555555556	0.902547065337763	0.9285714285714286	0.9078787878787878	0.8839634941329857	0.9440242057488654	0.9102564102564102	0.9232101616628176	0.921822272215973	0.891353811149033	0.9175126903553299	0.8828647925033467	
0.8692913385826772	0.87521815008726	0.8736089030206677	0.8965277777777778	0.8862359550561798	0.885861561119293	0.8818069306930693	0.8868038740920097	0.8890756302521008	0.8074679113185531	0.8319327731092437	0.9148459383753501	0	0.933806146572104	0.28117359413202936	0.8439349112426036	0.8857142857142857	0.8842592592592593	0.8997198879551821	0.9064425770308123	0.8975757575757576	0.8970013037809648	0.9288956127080181	0.9049145299145299	0.9237875288683602	0.921822272215973	0.9015927189988624	0.942258883248731	0.8607764390896921	
0.8976377952755905	0.8673647469458988	0.8990461049284578	0.9263888888888889	0.9410112359550562	0.9381443298969072	0.943069306930693	0.9382566585956417	0.9397163120567376	0.943853427895981	0.942080378250591	0.933806146572104	0.933806146572104	0	0.9297066014669927	0.9016272189349113	0.956855791962175	0.9403073286052009	0.943853427895981	0.958628841607565	0.9436363636363636	0.9295958279009127	0.9334341906202723	0.9017094017094017	0.9190307328605201	0.933806146572104	0.9332151300236406	0.950507614213198	0.9484605087014726	
0.8692913385826772	0.87521815008726	0.8736089030206677	0.8965277777777778	0.8841292134831461	0.885861561119293	0.8811881188118812	0.8905867970660146	0.8973105134474327	0.8001222493887531	0.8227383863080685	0.9070904645476773	0.28117359413202936	0.9297066014669927	0	0.8550295857988166	0.8771393643031785	0.8795843520782396	0.8863080684596577	0.8979217603911981	0.8966992665036675	0.8963494132985659	0.9334341906202723	0.9038461538461539	0.9272616136919315	0.9150366748166259	0.8960880195599022	0.942258883248731	0.8601070950468541	
0.8795275590551181	0.8717277486910995	0.8076311605723371	0.8757396449704142	0.9075443786982249	0.9075443786982249	0.900887573964497	0.8498520710059172	0.8224852071005917	0.8816568047337278	0.8424556213017751	0.8150887573964497	0.8439349112426036	0.9016272189349113	0.8550295857988166	0	0.8883136094674556	0.8727810650887574	0.8661242603550295	0.8905325443786982	0.878698224852071	0.8920118343195266	0.9334341906202723	0.8878205128205128	0.8942307692307693	0.8661242603550295	0.8705621301775148	0.9171597633136095	0.882396449704142	
0.8992125984251969	0.9092495636998255	0.9077901430842608	0.9402777777777778	0.8764044943820225	0.8608247422680413	0.8842821782178217	0.8771186440677966	0.8828382838283828	0.837222870478413	0.8619361936193619	0.9047619047619048	0.8857142857142857	0.956855791962175	0.8771393643031785	0.8883136094674556	0	0.8605324074074074	0.8756875687568757	0.8954895489548955	0.9327272727272727	0.8598435462842242	0.9319213313161876	0.9326923076923077	0.9353348729792148	0.9465691788526435	0.8407281001137656	0.934010152284264	0.8199464524765729	
0.8669291338582678	0.8595113438045375	0.8887122416534181	0.9173611111111111	0.875	0.8593519882179675	0.9040841584158416	0.8613801452784504	0.8674768518518519	0.8862310385064177	0.8703703703703703	0.8836805555555556	0.8842592592592593	0.9403073286052009	0.8795843520782396	0.8727810650887574	0.8605324074074074	0	0.8784722222222222	0.890625	0.9224242424242424	0.8689700130378096	0.93267776096823	0.9241452991452992	0.9299768518518519	0.9259259259259259	0.8622685185185185	0.9137055837563451	0.8500669344042838	
0.889763779527559	0.887434554973822	0.8982511923688394	0.9243055555555556	0.9087078651685393	0.8954344624447718	0.9201732673267327	0.8837772397094431	0.8897849462365591	0.8955659276546091	0.9016129032258065	0.902547065337763	0.8997198879551821	0.943853427895981	0.8863080684596577	0.8661242603550295	0.8756875687568757	0.8784722222222222	0	0.9061488673139159	0.9309090909090909	0.8859191655801826	0.9379727685325264	0.9358974358974359	0.930715935334873	0.9381327334083239	0.8833902161547212	0.934010152284264	0.8848728246318608	
0.9023622047244094	0.9162303664921466	0.8926868044515104	0.9277777777777778	0.9157303370786517	0.9108983799705449	0.9133663366336634	0.9037530266343826	0.9115426105717368	0.8920653442240374	0.8786407766990292	0.9285714285714286	0.9064425770308123	0.958628841607565	0.8979217603911981	0.8905325443786982	0.8954895489548955	0.890625	0.9061488673139159	0	0.9278787878787879	0.8956975228161669	0.9334341906202723	0.9401709401709402	0.9491916859122402	0.9454443194600675	0.8902161547212741	0.9314720812182741	0.8768406961178046	
0.9039370078740158	0.8778359511343804	0.8823529411764706	0.89375	0.9262640449438202	0.9226804123711341	0.9331683168316832	0.9151515151515152	0.9266666666666666	0.9254545454545454	0.9024242424242425	0.9078787878787878	0.8975757575757576	0.9436363636363636	0.8966992665036675	0.878698224852071	0.9327272727272727	0.9224242424242424	0.9309090909090909	0.9278787878787879	0	0.9230769230769231	0.9387291981845688	0.9102564102564102	0.9315151515151515	0.923030303030303	0.9284848484848485	0.9536802030456852	0.9183400267737617	
0.9118110236220472	0.8865619546247818	0.9030206677265501	0.9118055555555555	0.8925561797752809	0.8762886597938144	0.8839634941329857	0.8748370273794003	0.8983050847457628	0.8650586701434159	0.8676662320730117	0.8839634941329857	0.8970013037809648	0.9295958279009127	0.8963494132985659	0.8920118343195266	0.8598435462842242	0.8689700130378096	0.8859191655801826	0.8956975228161669	0.9230769230769231	0	0.9440242057488654	0.9038461538461539	0.9224250325945241	0.9361147327249022	0.0	0.9132985658409387	0.8313253012048193	
0.9094488188976378	0.9380453752181501	0.9300476947535771	0.9447806354009077	0.943267776096823	0.9425113464447806	0.9273827534039334	0.9273827534039334	0.926626323751891	0.9273827534039334	0.9281391830559758	0.9440242057488654	0.9288956127080181	0.9334341906202723	0.9334341906202723	0.9334341906202723	0.9319213313161876	0.93267776096823	0.9379727685325264	0.9334341906202723	0.9387291981845688	0.9440242057488654	0	0.9508547008547008	0.8729198184568835	0.9546142208774584	0.9417549167927383	0.9689863842662633	0.9349470499243571	
0.9326923076923077	0.9017094017094017	0.8814102564102564	0.8782051282051282	0.936965811965812	0.936965811965812	0.9188034188034188	0.9305555555555556	0.9337606837606838	0.8952991452991453	0.8899572649572649	0.9102564102564102	0.9049145299145299	0.9017094017094017	0.9038461538461539	0.8878205128205128	0.9326923076923077	0.9241452991452992	0.9358974358974359	0.9401709401709402	0.9102564102564102	0.9038461538461539	0.9508547008547008	0	0.9123931623931624	0.9316239316239316	0.9038461538461539	0.9412393162393162	0.936965811965812	
0.8826771653543307	0.8848167539267016	0.8744038155802861	0.9215277777777777	0.9241573033707865	0.9182621502209131	0.9170792079207921	0.9261501210653753	0.9226327944572749	0.9387397899649942	0.9209006928406467	0.9232101616628176	0.9237875288683602	0.9190307328605201	0.9272616136919315	0.8942307692307693	0.9353348729792148	0.9299768518518519	0.930715935334873	0.9491916859122402	0.9315151515151515	0.9224250325945241	0.8729198184568835	0.9123931623931624	0	0.9272517321016166	0.9295612009237876	0.9486040609137056	0.929718875502008	
0.8826771653543307	0.887434554973822	0.8497615262321144	0.9111111111111111	0.9101123595505618	0.9086892488954345	0.9412128712871287	0.9267554479418886	0.9246344206974129	0.9399066511085181	0.9257592800899888	0.921822272215973	0.921822272215973	0.933806146572104	0.9150366748166259	0.8661242603550295	0.9465691788526435	0.9259259259259259	0.9381327334083239	0.9454443194600675	0.923030303030303	0.9361147327249022	0.9546142208774584	0.9316239316239316	0.9272517321016166	0	0.9408418657565415	0.950507614213198	0.927710843373494	
0.9118110236220472	0.8865619546247818	0.8982511923688394	0.9118055555555555	0.8925561797752809	0.8762886597938144	0.8898514851485149	0.8765133171912833	0.8907849829351536	0.8652275379229871	0.8725824800910125	0.891353811149033	0.9015927189988624	0.9332151300236406	0.8960880195599022	0.8705621301775148	0.8407281001137656	0.8622685185185185	0.8833902161547212	0.8902161547212741	0.9284848484848485	0.0	0.9417549167927383	0.9038461538461539	0.9295612009237876	0.9408418657565415	0	0.9010152284263959	0.8239625167336011	
0.9417322834645669	0.9179755671902269	0.9220985691573926	0.9409722222222222	0.9396067415730337	0.9263622974963182	0.9498730964467005	0.9206852791878173	0.9200507614213198	0.9371827411167513	0.9359137055837563	0.9175126903553299	0.942258883248731	0.950507614213198	0.942258883248731	0.9171597633136095	0.934010152284264	0.9137055837563451	0.934010152284264	0.9314720812182741	0.9536802030456852	0.9132985658409387	0.9689863842662633	0.9412393162393162	0.9486040609137056	0.950507614213198	0.9010152284263959	0	0.9330655957161981	
0.8905511811023622	0.9040139616055847	0.8942766295707473	0.9319444444444445	0.8883426966292135	0.8755522827687776	0.8621151271753681	0.8587684069611781	0.8748326639892905	0.8299866131191432	0.7302543507362784	0.8828647925033467	0.8607764390896921	0.9484605087014726	0.8601070950468541	0.882396449704142	0.8199464524765729	0.8500669344042838	0.8848728246318608	0.8768406961178046	0.9183400267737617	0.8313253012048193	0.9349470499243571	0.936965811965812	0.929718875502008	0.927710843373494	0.8239625167336011	0.9330655957161981	0	
