0	0.9520295202952029	1.0	0.9783653846153846	0.9835443037974684	0.9676470588235294	0.9639303482587065	0.9666666666666667	0.9686274509803922	0.9686274509803922	0.9686274509803922	0.9862745098039216	0.9686274509803922	0.9696078431372549	0.9833333333333333	0.9666666666666667	0.9686274509803922	0.9635678391959799	0.9686274509803922	0.9549019607843138	0.946078431372549	0.9519607843137254	0.9686274509803922	1.0	0.9666011787819253	
0.9520295202952029	0	1.0	0.9704797047970479	0.9428044280442804	0.9446494464944649	0.9575645756457565	0.933579335793358	0.9446494464944649	0.9464944649446494	0.948339483394834	0.959409594095941	0.9464944649446494	0.9612546125461254	0.9520295202952029	0.9428044280442804	0.9446494464944649	0.9612546125461254	0.9520295202952029	0.9022140221402214	0.9464944649446494	0.9132841328413284	0.9649446494464945	1.0	0.955719557195572	
1.0	1.0	0	0.9864864864864865	0.9873417721518988	0.995085995085995	1.0	0.9901719901719902	0.9963144963144963	0.9975429975429976	0.9901719901719902	0.9901719901719902	0.9975429975429976	0.9987714987714987	0.9914004914004914	0.995085995085995	0.9963144963144963	1.0	0.9975429975429976	0.9987714987714987	1.0	1.0	1.0	0.9742014742014742	1.0	
0.9783653846153846	0.9704797047970479	0.9864864864864865	0	0.9822784810126582	0.9831730769230769	0.9875621890547264	0.9735576923076923	0.9747596153846154	0.9723557692307693	0.9711538461538461	0.9711538461538461	0.9723557692307693	0.9735576923076923	0.9711538461538461	0.9819711538461539	0.9831730769230769	0.9786432160804021	0.9699519230769231	0.9735576923076923	0.9771634615384616	0.9675480769230769	0.9939903846153846	0.9915865384615384	0.9819711538461539	
0.9835443037974684	0.9428044280442804	0.9873417721518988	0.9822784810126582	0	0.9721518987341772	0.9835443037974684	0.9658227848101266	0.9670886075949368	0.9683544303797469	0.9658227848101266	0.9696202531645569	0.9620253164556962	0.9784810126582278	0.9734177215189873	0.9658227848101266	0.9670886075949368	0.9784810126582278	0.9784810126582278	0.970886075949367	0.9784810126582278	0.9746835443037974	1.0	1.0	0.9670886075949368	
0.9676470588235294	0.9446494464944649	0.995085995085995	0.9831730769230769	0.9721518987341772	0	0.914179104477612	0.9214015151515151	0.9119318181818182	0.9232954545454546	0.9036608863198459	0.9431818181818182	0.9232954545454546	0.9535984848484849	0.9422348484848485	0.9052734375	0.9289772727272727	0.9007537688442211	0.9346590909090909	0.9706439393939394	0.965183752417795	0.9640151515151515	0.9848484848484849	0.9960079840319361	0.9538310412573674	
0.9639303482587065	0.9575645756457565	1.0	0.9875621890547264	0.9835443037974684	0.914179104477612	0	0.9067164179104478	0.917910447761194	0.8569651741293532	0.8905472636815921	0.9415422885572139	0.8594527363184079	0.9465174129353234	0.9328358208955224	0.9253731343283582	0.9116915422885572	0.9057788944723618	0.8880597014925373	0.9552238805970149	0.9639303482587065	0.9601990049751243	0.9800995024875622	1.0	0.9427860696517413	
0.9666666666666667	0.933579335793358	0.9901719901719902	0.9735576923076923	0.9658227848101266	0.9214015151515151	0.9067164179104478	0	0.8981788079470199	0.9017543859649123	0.8285163776493256	0.9134125636672326	0.9138240574506283	0.9486754966887417	0.9139072847682119	0.8232421875	0.9283216783216783	0.9158291457286433	0.931390977443609	0.9652317880794702	0.9632495164410058	0.9605504587155963	0.9850993377483444	1.0	0.9420432220039293	
0.9686274509803922	0.9446494464944649	0.9963144963144963	0.9747596153846154	0.9670886075949368	0.9119318181818182	0.917910447761194	0.8981788079470199	0	0.8605263157894737	0.8863198458574181	0.9117147707979627	0.8859964093357271	0.9563812600969306	0.9111470113085622	0.8876953125	0.9073426573426573	0.9221105527638191	0.9276315789473685	0.9725363489499192	0.965183752417795	0.9623853211009175	0.9867768595041322	1.0	0.9469548133595285	
0.9686274509803922	0.9464944649446494	0.9975429975429976	0.9723557692307693	0.9683544303797469	0.9232954545454546	0.8569651741293532	0.9017543859649123	0.8605263157894737	0	0.896917148362235	0.9035087719298246	0.7764811490125674	0.9614035087719298	0.8973684210526316	0.9140625	0.9105263157894737	0.8994974874371859	0.900375939849624	0.9666666666666667	0.965183752417795	0.9568807339449541	0.9859649122807017	1.0	0.9302554027504911	
0.9686274509803922	0.948339483394834	0.9901719901719902	0.9711538461538461	0.9658227848101266	0.9036608863198459	0.8905472636815921	0.8285163776493256	0.8863198458574181	0.896917148362235	0	0.8747591522157996	0.8853564547206165	0.9431599229287091	0.9104046242774566	0.8896484375	0.918111753371869	0.914572864321608	0.9113680154142582	0.9662813102119461	0.965183752417795	0.9605009633911368	0.9845857418111753	1.0	0.949901768172888	
0.9862745098039216	0.959409594095941	0.9901719901719902	0.9711538461538461	0.9696202531645569	0.9431818181818182	0.9415422885572139	0.9134125636672326	0.9117147707979627	0.9035087719298246	0.8747591522157996	0	0.926391382405745	0.9456706281833617	0.9227504244482173	0.9345703125	0.9265734265734266	0.9447236180904522	0.9445488721804511	0.9855687606112055	0.9825918762088974	0.9743119266055046	1.0	1.0	0.9587426326129665	
0.9686274509803922	0.9464944649446494	0.9975429975429976	0.9723557692307693	0.9620253164556962	0.9232954545454546	0.8594527363184079	0.9138240574506283	0.8859964093357271	0.7764811490125674	0.8853564547206165	0.926391382405745	0	0.9596050269299821	0.9093357271095153	0.923828125	0.9174147217235189	0.9032663316582915	0.8890977443609023	0.9640933572710951	0.9642166344294004	0.9605504587155963	0.9856373429084381	1.0	0.9351669941060904	
0.9696078431372549	0.9612546125461254	0.9987714987714987	0.9735576923076923	0.9784810126582278	0.9535984848484849	0.9465174129353234	0.9486754966887417	0.9563812600969306	0.9614035087719298	0.9431599229287091	0.9456706281833617	0.9596050269299821	0	0.9746434231378764	0.9453125	0.9597902097902098	0.9422110552763819	0.956766917293233	0.973851030110935	0.9661508704061895	0.9605504587155963	0.9834710743801653	0.9970059880239521	0.9646365422396856	
0.9833333333333333	0.9520295202952029	0.9914004914004914	0.9711538461538461	0.9734177215189873	0.9422348484848485	0.9328358208955224	0.9139072847682119	0.9111470113085622	0.8973684210526316	0.9104046242774566	0.9227504244482173	0.9093357271095153	0.9746434231378764	0	0.9111328125	0.9300699300699301	0.9510050251256281	0.9295112781954887	0.9810725552050473	0.9806576402321083	0.9770642201834863	0.9917355371900827	0.9880239520958084	0.9705304518664047	
0.9666666666666667	0.9428044280442804	0.995085995085995	0.9819711538461539	0.9658227848101266	0.9052734375	0.9253731343283582	0.8232421875	0.8876953125	0.9140625	0.8896484375	0.9345703125	0.923828125	0.9453125	0.9111328125	0	0.9208984375	0.9309045226130653	0.9375	0.9677734375	0.962890625	0.9609375	0.9775390625	0.998003992015968	0.9390962671905697	
0.9686274509803922	0.9446494464944649	0.9963144963144963	0.9831730769230769	0.9670886075949368	0.9289772727272727	0.9116915422885572	0.9283216783216783	0.9073426573426573	0.9105263157894737	0.918111753371869	0.9265734265734266	0.9174147217235189	0.9597902097902098	0.9300699300699301	0.9208984375	0	0.9120603015075377	0.9276315789473685	0.9667832167832168	0.965183752417795	0.9522935779816514	0.9851398601398601	1.0	0.949901768172888	
0.9635678391959799	0.9612546125461254	1.0	0.9786432160804021	0.9784810126582278	0.9007537688442211	0.9057788944723618	0.9158291457286433	0.9221105527638191	0.8994974874371859	0.914572864321608	0.9447236180904522	0.9032663316582915	0.9422110552763819	0.9510050251256281	0.9309045226130653	0.9120603015075377	0	0.907035175879397	0.9610552763819096	0.9585427135678392	0.9535175879396985	0.9798994974874372	0.9761306532663316	0.9547738693467337	
0.9686274509803922	0.9520295202952029	0.9975429975429976	0.9699519230769231	0.9784810126582278	0.9346590909090909	0.8880597014925373	0.931390977443609	0.9276315789473685	0.900375939849624	0.9113680154142582	0.9445488721804511	0.8890977443609023	0.956766917293233	0.9295112781954887	0.9375	0.9276315789473685	0.907035175879397	0	0.9661654135338346	0.965183752417795	0.9586466165413534	0.9840225563909775	1.0	0.9420432220039293	
0.9549019607843138	0.9022140221402214	0.9987714987714987	0.9735576923076923	0.970886075949367	0.9706439393939394	0.9552238805970149	0.9652317880794702	0.9725363489499192	0.9666666666666667	0.9662813102119461	0.9855687606112055	0.9640933572710951	0.973851030110935	0.9810725552050473	0.9677734375	0.9667832167832168	0.9610552763819096	0.9661654135338346	0	0.9545454545454546	0.9247706422018349	0.9735537190082645	1.0	0.9675834970530451	
0.946078431372549	0.9464944649446494	1.0	0.9771634615384616	0.9784810126582278	0.965183752417795	0.9639303482587065	0.9632495164410058	0.965183752417795	0.965183752417795	0.965183752417795	0.9825918762088974	0.9642166344294004	0.9661508704061895	0.9806576402321083	0.962890625	0.965183752417795	0.9585427135678392	0.965183752417795	0.9545454545454546	0	0.9526112185686654	0.9671179883945842	0.999001996007984	0.9607072691552063	
0.9519607843137254	0.9132841328413284	1.0	0.9675480769230769	0.9746835443037974	0.9640151515151515	0.9601990049751243	0.9605504587155963	0.9623853211009175	0.9568807339449541	0.9605009633911368	0.9743119266055046	0.9605504587155963	0.9605504587155963	0.9770642201834863	0.9609375	0.9522935779816514	0.9535175879396985	0.9586466165413534	0.9247706422018349	0.9526112185686654	0	0.9706422018348624	1.0	0.9607072691552063	
0.9686274509803922	0.9649446494464945	1.0	0.9939903846153846	1.0	0.9848484848484849	0.9800995024875622	0.9850993377483444	0.9867768595041322	0.9859649122807017	0.9845857418111753	1.0	0.9856373429084381	0.9834710743801653	0.9917355371900827	0.9775390625	0.9851398601398601	0.9798994974874372	0.9840225563909775	0.9735537190082645	0.9671179883945842	0.9706422018348624	0	1.0	0.9823182711198428	
1.0	1.0	0.9742014742014742	0.9915865384615384	1.0	0.9960079840319361	1.0	1.0	1.0	1.0	1.0	1.0	1.0	0.9970059880239521	0.9880239520958084	0.998003992015968	1.0	0.9761306532663316	1.0	1.0	0.999001996007984	1.0	1.0	0	1.0	
0.9666011787819253	0.955719557195572	1.0	0.9819711538461539	0.9670886075949368	0.9538310412573674	0.9427860696517413	0.9420432220039293	0.9469548133595285	0.9302554027504911	0.949901768172888	0.9587426326129665	0.9351669941060904	0.9646365422396856	0.9705304518664047	0.9390962671905697	0.949901768172888	0.9547738693467337	0.9420432220039293	0.9675834970530451	0.9607072691552063	0.9607072691552063	0.9823182711198428	1.0	0	
