0	0.9024640657084189	0.8724489795918368	0.8943850267379679	0.8757700205338809	0.8757700205338809	0.8537313432835821	0.9282868525896414	0.8983572895277208	0.8963039014373717	0.8809034907597536	0.8973305954825462	0.8983572895277208	0.9075975359342916	0.8963039014373717	0.9117043121149897	0.8963039014373717	0.8952772073921971	0.8942505133470225	0.8963039014373717	0.87782340862423	0.917864476386037	0.8726114649681529	0.9096509240246407	0.8819301848049281	0.9147843942505134	0.9127310061601642	0.8767967145790554	0.87782340862423	
0.9024640657084189	0	0.8711734693877551	0.8729946524064172	0.9091778202676865	0.9100580270793037	0.8761194029850746	0.9203187250996016	0.9024856596558317	0.9005736137667304	0.907843137254902	0.9024856596558317	0.9024856596558317	0.9177820267686424	0.8938814531548758	0.9149139579349904	0.8967495219885278	0.8957934990439771	0.904397705544933	0.9015296367112811	0.9110898661567878	0.9034416826003824	0.9012738853503185	0.9292543021032504	0.9149139579349904	0.9053537284894837	0.9130019120458891	0.9110898661567878	0.9101338432122371	
0.8724489795918368	0.8711734693877551	0	0.8823529411764706	0.8711734693877551	0.8762755102040817	0.8611940298507462	0.9183266932270916	0.8839285714285714	0.8788265306122449	0.8711734693877551	0.8826530612244898	0.8801020408163265	0.8903061224489796	0.8788265306122449	0.8622448979591837	0.8762755102040817	0.8826530612244898	0.8431122448979592	0.8469387755102041	0.8711734693877551	0.8788265306122449	0.8762755102040817	0.9056122448979592	0.8762755102040817	0.8801020408163265	0.8622448979591837	0.8762755102040817	0.8762755102040817	
0.8943850267379679	0.8729946524064172	0.8823529411764706	0	0.8943850267379679	0.8983957219251337	0.8611940298507462	0.8725099601593626	0.893048128342246	0.8970588235294118	0.8957219251336899	0.8917112299465241	0.8890374331550802	0.8596256684491979	0.893048128342246	0.8716577540106952	0.8957219251336899	0.8970588235294118	0.8850267379679144	0.8850267379679144	0.8903743315508021	0.8462566844919787	0.8957219251336899	0.8836898395721925	0.8957219251336899	0.8462566844919787	0.8729946524064172	0.8957219251336899	0.8957219251336899	
0.8757700205338809	0.9091778202676865	0.8711734693877551	0.8943850267379679	0	0.8810444874274661	0.8537313432835821	0.9203187250996016	0.9020332717190388	0.9029574861367837	0.8833333333333333	0.9048059149722736	0.8974121996303143	0.9085027726432532	0.9038817005545287	0.9195933456561922	0.8970315398886828	0.9029574861367837	0.9038817005545287	0.9011090573012939	0.8844731977818854	0.9205175600739371	0.8715498938428875	0.9158964879852126	0.8909426987060998	0.922365988909427	0.9214417744916821	0.8881700554528651	0.8844731977818854	
0.8757700205338809	0.9100580270793037	0.8762755102040817	0.8983957219251337	0.8810444874274661	0	0.8552238805970149	0.9282868525896414	0.8994197292069632	0.9003868471953579	0.8852941176470588	0.902321083172147	0.8984526112185687	0.8916827852998066	0.8820116054158608	0.9158607350096711	0.9003868471953579	0.8994197292069632	0.9013539651837524	0.9042553191489362	0.8839458413926499	0.9119922630560928	0.8683651804670913	0.9168278529980658	0.8849129593810445	0.9235976789168279	0.9226305609284333	0.8820116054158608	0.8829787234042553	
0.8537313432835821	0.8761194029850746	0.8611940298507462	0.8611940298507462	0.8537313432835821	0.8552238805970149	0	0.9063745019920318	0.8582089552238806	0.8626865671641791	0.8492537313432836	0.8641791044776119	0.8522388059701492	0.8417910447761194	0.8641791044776119	0.8477611940298507	0.8611940298507462	0.8686567164179104	0.8805970149253731	0.8746268656716418	0.8537313432835821	0.8582089552238806	0.8552238805970149	0.8417910447761194	0.8537313432835821	0.8656716417910447	0.8462686567164179	0.8552238805970149	0.8537313432835821	
0.9282868525896414	0.9203187250996016	0.9183266932270916	0.8725099601593626	0.9203187250996016	0.9282868525896414	0.9063745019920318	0	0.9123505976095617	0.9183266932270916	0.9203187250996016	0.9223107569721115	0.9063745019920318	0.8864541832669323	0.9143426294820717	0.8924302788844621	0.9243027888446215	0.9163346613545816	0.9243027888446215	0.9243027888446215	0.9143426294820717	0.8665338645418327	0.9143426294820717	0.900398406374502	0.9243027888446215	0.8725099601593626	0.9103585657370518	0.9223107569721115	0.9163346613545816	
0.8983572895277208	0.9024856596558317	0.8839285714285714	0.893048128342246	0.9020332717190388	0.8994197292069632	0.8582089552238806	0.9123505976095617	0	0.841255605381166	0.8901960784313725	0.874439461883408	0.8573991031390135	0.863677130044843	0.8860986547085202	0.9165919282511211	0.8543599257884972	0.8672645739910314	0.9139013452914798	0.9076233183856502	0.9076233183856502	0.9255605381165919	0.8874734607218684	0.9255605381165919	0.9121076233183857	0.9139013452914798	0.9282511210762332	0.9085201793721973	0.895067264573991	
0.8963039014373717	0.9005736137667304	0.8788265306122449	0.8970588235294118	0.9029574861367837	0.9003868471953579	0.8626865671641791	0.9183266932270916	0.841255605381166	0	0.8990196078431373	0.8984899328859061	0.8874388254486134	0.9057377049180327	0.8834459459459459	0.9184339314845025	0.8441558441558441	0.8915171288743883	0.9175	0.9199655765920827	0.9124343257443083	0.933931484502447	0.8853503184713376	0.9265905383360522	0.9216965742251223	0.9208809135399674	0.9290375203915171	0.9151712887438825	0.9053833605220228	
0.8809034907597536	0.907843137254902	0.8711734693877551	0.8957219251336899	0.8833333333333333	0.8852941176470588	0.8492537313432836	0.9203187250996016	0.8901960784313725	0.8990196078431373	0	0.903921568627451	0.8892156862745098	0.8990196078431373	0.8990196078431373	0.9058823529411765	0.903921568627451	0.8911764705882353	0.9029411764705882	0.8960784313725491	0.8833333333333333	0.9156862745098039	0.8726114649681529	0.907843137254902	0.884313725490196	0.9068627450980392	0.9137254901960784	0.8833333333333333	0.8705882352941177	
0.8973305954825462	0.9024856596558317	0.8826530612244898	0.8917112299465241	0.9048059149722736	0.902321083172147	0.8641791044776119	0.9223107569721115	0.874439461883408	0.8984899328859061	0.903921568627451	0	0.8968120805369127	0.9043624161073825	0.8918918918918919	0.9312080536912751	0.8821892393320965	0.8825503355704698	0.9203020134228188	0.9173838209982789	0.9106830122591943	0.9312080536912751	0.89171974522293	0.9354026845637584	0.9186241610738255	0.9312080536912751	0.9320469798657718	0.9144295302013423	0.912751677852349	
0.8983572895277208	0.9024856596558317	0.8801020408163265	0.8890374331550802	0.8974121996303143	0.8984526112185687	0.8522388059701492	0.9063745019920318	0.8573991031390135	0.8874388254486134	0.8892156862745098	0.8968120805369127	0	0.8967213114754098	0.8902027027027027	0.9110929853181077	0.87291280148423	0.8784665579119086	0.9208333333333333	0.9044750430292599	0.9071803852889667	0.9290375203915171	0.8874734607218684	0.933115823817292	0.9192495921696574	0.9192495921696574	0.933931484502447	0.9094616639477977	0.8939641109298532	
0.9075975359342916	0.9177820267686424	0.8903061224489796	0.8596256684491979	0.9085027726432532	0.8916827852998066	0.8417910447761194	0.8864541832669323	0.863677130044843	0.9057377049180327	0.8990196078431373	0.9043624161073825	0.8967213114754098	0	0.9130067567567568	0.919672131147541	0.8905380333951762	0.9065573770491804	0.9283333333333333	0.9268502581755593	0.9159369527145359	0.9172131147540984	0.9012738853503185	0.9295081967213115	0.9237704918032786	0.9221311475409836	0.9270491803278689	0.9237704918032786	0.9237704918032786	
0.8963039014373717	0.8938814531548758	0.8788265306122449	0.893048128342246	0.9038817005545287	0.8820116054158608	0.8641791044776119	0.9143426294820717	0.8860986547085202	0.8834459459459459	0.8990196078431373	0.8918918918918919	0.8902027027027027	0.9130067567567568	0	0.9180743243243243	0.8803339517625232	0.8741554054054054	0.9214527027027027	0.9139414802065404	0.9089316987740805	0.9282094594594594	0.8789808917197452	0.924831081081081	0.9172297297297297	0.9206081081081081	0.9298986486486487	0.9054054054054054	0.9028716216216216	
0.9117043121149897	0.9149139579349904	0.8622448979591837	0.8716577540106952	0.9195933456561922	0.9158607350096711	0.8477611940298507	0.8924302788844621	0.9165919282511211	0.9184339314845025	0.9058823529411765	0.9312080536912751	0.9110929853181077	0.919672131147541	0.9180743243243243	0	0.922077922077922	0.9211783439490446	0.9175	0.9087779690189329	0.9229422066549913	0.9144215530903328	0.9065817409766455	0.9248062015503876	0.9398826979472141	0.9116766467065869	0.9112903225806451	0.928125	0.9085271317829458	
0.8963039014373717	0.8967495219885278	0.8762755102040817	0.8957219251336899	0.8970315398886828	0.9003868471953579	0.8611940298507462	0.9243027888446215	0.8543599257884972	0.8441558441558441	0.903921568627451	0.8821892393320965	0.87291280148423	0.8905380333951762	0.8803339517625232	0.922077922077922	0	0.8738404452690167	0.911873840445269	0.911873840445269	0.9053803339517625	0.9230055658627088	0.89171974522293	0.924860853432282	0.9081632653061225	0.922077922077922	0.9211502782931354	0.9053803339517625	0.9053803339517625	
0.8952772073921971	0.8957934990439771	0.8826530612244898	0.8970588235294118	0.9029574861367837	0.8994197292069632	0.8686567164179104	0.9163346613545816	0.8672645739910314	0.8915171288743883	0.8911764705882353	0.8825503355704698	0.8784665579119086	0.9065573770491804	0.8741554054054054	0.9211783439490446	0.8738404452690167	0	0.9183333333333333	0.9096385542168675	0.9115586690017513	0.9347133757961783	0.8874734607218684	0.9307324840764332	0.9219745222929936	0.9187898089171974	0.9347133757961783	0.9179936305732485	0.9076433121019108	
0.8942505133470225	0.904397705544933	0.8431122448979592	0.8850267379679144	0.9038817005545287	0.9013539651837524	0.8805970149253731	0.9243027888446215	0.9139013452914798	0.9175	0.9029411764705882	0.9203020134228188	0.9208333333333333	0.9283333333333333	0.9214527027027027	0.9175	0.911873840445269	0.9183333333333333	0	0.8975903614457831	0.9080560420315237	0.925	0.8895966029723992	0.9408333333333333	0.92	0.9275	0.9183333333333333	0.9133333333333333	0.9141666666666667	
0.8963039014373717	0.9015296367112811	0.8469387755102041	0.8850267379679144	0.9011090573012939	0.9042553191489362	0.8746268656716418	0.9243027888446215	0.9076233183856502	0.9199655765920827	0.8960784313725491	0.9173838209982789	0.9044750430292599	0.9268502581755593	0.9139414802065404	0.9087779690189329	0.911873840445269	0.9096385542168675	0.8975903614457831	0	0.9080560420315237	0.923407917383821	0.8949044585987261	0.9388984509466437	0.9165232358003442	0.9122203098106713	0.9148020654044751	0.9122203098106713	0.9053356282271945	
0.87782340862423	0.9110898661567878	0.8711734693877551	0.8903743315508021	0.8844731977818854	0.8839458413926499	0.8537313432835821	0.9143426294820717	0.9076233183856502	0.9124343257443083	0.8833333333333333	0.9106830122591943	0.9071803852889667	0.9159369527145359	0.9089316987740805	0.9229422066549913	0.9053803339517625	0.9115586690017513	0.9080560420315237	0.9080560420315237	0	0.9124343257443083	0.8704883227176221	0.9246935201401051	0.8870402802101576	0.9308231173380035	0.9299474605954466	0.8931698774080561	0.8914185639229422	
0.917864476386037	0.9034416826003824	0.8788265306122449	0.8462566844919787	0.9205175600739371	0.9119922630560928	0.8582089552238806	0.8665338645418327	0.9255605381165919	0.933931484502447	0.9156862745098039	0.9312080536912751	0.9290375203915171	0.9172131147540984	0.9282094594594594	0.9144215530903328	0.9230055658627088	0.9347133757961783	0.925	0.923407917383821	0.9124343257443083	0	0.9140127388535032	0.9374009508716323	0.9350237717908082	0.9080824088748018	0.9207606973058637	0.9358161648177497	0.93026941362916	
0.8726114649681529	0.9012738853503185	0.8762755102040817	0.8957219251336899	0.8715498938428875	0.8683651804670913	0.8552238805970149	0.9143426294820717	0.8874734607218684	0.8853503184713376	0.8726114649681529	0.89171974522293	0.8874734607218684	0.9012738853503185	0.8789808917197452	0.9065817409766455	0.89171974522293	0.8874734607218684	0.8895966029723992	0.8949044585987261	0.8704883227176221	0.9140127388535032	0	0.9023354564755839	0.8747346072186837	0.9065817409766455	0.9129511677282378	0.12845010615711253	0.856687898089172	
0.9096509240246407	0.9292543021032504	0.9056122448979592	0.8836898395721925	0.9158964879852126	0.9168278529980658	0.8417910447761194	0.900398406374502	0.9255605381165919	0.9265905383360522	0.907843137254902	0.9354026845637584	0.933115823817292	0.9295081967213115	0.924831081081081	0.9248062015503876	0.924860853432282	0.9307324840764332	0.9408333333333333	0.9388984509466437	0.9246935201401051	0.9374009508716323	0.9023354564755839	0	0.9333333333333333	0.9093023255813953	0.9255813953488372	0.93125	0.9255813953488372	
0.8819301848049281	0.9149139579349904	0.8762755102040817	0.8957219251336899	0.8909426987060998	0.8849129593810445	0.8537313432835821	0.9243027888446215	0.9121076233183857	0.9216965742251223	0.884313725490196	0.9186241610738255	0.9192495921696574	0.9237704918032786	0.9172297297297297	0.9398826979472141	0.9081632653061225	0.9219745222929936	0.92	0.9165232358003442	0.8870402802101576	0.9350237717908082	0.8747346072186837	0.9333333333333333	0	0.9401197604790419	0.9423357664233577	0.9078125	0.9093023255813953	
0.9147843942505134	0.9053537284894837	0.8801020408163265	0.8462566844919787	0.922365988909427	0.9235976789168279	0.8656716417910447	0.8725099601593626	0.9139013452914798	0.9208809135399674	0.9068627450980392	0.9312080536912751	0.9192495921696574	0.9221311475409836	0.9206081081081081	0.9116766467065869	0.922077922077922	0.9187898089171974	0.9275	0.9122203098106713	0.9308231173380035	0.9080824088748018	0.9065817409766455	0.9093023255813953	0.9401197604790419	0	0.9229041916167665	0.9296875	0.9131782945736434	
0.9127310061601642	0.9130019120458891	0.8622448979591837	0.8729946524064172	0.9214417744916821	0.9226305609284333	0.8462686567164179	0.9103585657370518	0.9282511210762332	0.9290375203915171	0.9137254901960784	0.9320469798657718	0.933931484502447	0.9270491803278689	0.9298986486486487	0.9112903225806451	0.9211502782931354	0.9347133757961783	0.9183333333333333	0.9148020654044751	0.9299474605954466	0.9207606973058637	0.9129511677282378	0.9255813953488372	0.9423357664233577	0.9229041916167665	0	0.9359375	0.937984496124031	
0.8767967145790554	0.9110898661567878	0.8762755102040817	0.8957219251336899	0.8881700554528651	0.8820116054158608	0.8552238805970149	0.9223107569721115	0.9085201793721973	0.9151712887438825	0.8833333333333333	0.9144295302013423	0.9094616639477977	0.9237704918032786	0.9054054054054054	0.928125	0.9053803339517625	0.9179936305732485	0.9133333333333333	0.9122203098106713	0.8931698774080561	0.9358161648177497	0.12845010615711253	0.93125	0.9078125	0.9296875	0.9359375	0	0.890625	
0.87782340862423	0.9101338432122371	0.8762755102040817	0.8957219251336899	0.8844731977818854	0.8829787234042553	0.8537313432835821	0.9163346613545816	0.895067264573991	0.9053833605220228	0.8705882352941177	0.912751677852349	0.8939641109298532	0.9237704918032786	0.9028716216216216	0.9085271317829458	0.9053803339517625	0.9076433121019108	0.9141666666666667	0.9053356282271945	0.8914185639229422	0.93026941362916	0.856687898089172	0.9255813953488372	0.9093023255813953	0.9131782945736434	0.937984496124031	0.890625	0	
