0	0.6988950276243094	0.6685082872928176	0.6629834254143646	1.0	0.6264367816091954	0.7685714285714286	0.5497237569060773	0.8765432098765432	0.35714285714285715	0.7340425531914894	0.9484848484848485	0.7955801104972375	1.0	0.5384615384615384	0.7900552486187845	0.8397790055248618	0.4108527131782946	0.6988950276243094	0.5966850828729282	0.7320441988950276	0.49171270718232046	0.7320441988950276	0.574585635359116	0.6040462427745664	0.6111111111111112	0.5580110497237569	0.7403314917127072	0.8687943262411347	0.6994219653179191	0.697841726618705	0.6767955801104972	0.7403314917127072	0.7762430939226519	
0.6988950276243094	0	0.6659574468085107	0.7702127659574468	1.0	0.5862068965517241	0.7485714285714286	0.7623318385650224	1.0	0.42063492063492064	0.6312056737588653	0.9	0.8013100436681223	1.0	1.0	0.7680851063829788	0.87117903930131	0.4689922480620155	0.7382978723404255	0.7489361702127659	0.8990610328638498	0.725531914893617	0.8990610328638498	0.8127659574468085	0.8063583815028902	0.7456140350877193	0.6595744680851063	0.7702127659574468	0.7411347517730497	0.7861271676300579	0.6546762589928058	0.7731277533039648	0.7702127659574468	0.7957446808510639	
0.6685082872928176	0.6659574468085107	0	0.47489539748953974	0.7272727272727273	0.4827586206896552	0.5	0.5605381165919282	0.8024691358024691	0.2698412698412698	0.5212765957446809	0.8727272727272727	0.6069868995633187	0.8461538461538461	0.7692307692307693	0.5983263598326359	0.759825327510917	0.32945736434108525	0.5878661087866108	0.6715481171548117	0.7253521126760564	0.5502092050209205	0.7253521126760564	0.7489539748953975	0.5664739884393064	0.631578947368421	0.5370370370370371	0.6872427983539094	0.7163120567375887	0.6560693641618497	0.5251798561151079	0.6167400881057269	0.6872427983539094	0.7322175732217573	
0.6629834254143646	0.7702127659574468	0.47489539748953974	0	0.7272727272727273	0.5689655172413793	0.52	0.6614349775784754	0.9012345679012346	0.2698412698412698	0.5106382978723404	0.9151515151515152	0.7096069868995634	0.9230769230769231	0.9743589743589743	0.5774058577405857	0.6899563318777293	0.32945736434108525	0.602510460251046	0.6589958158995816	0.8004694835680751	0.5815899581589958	0.8004694835680751	0.7719665271966527	0.5549132947976878	0.4824561403508772	0.5857740585774058	0.6757322175732218	0.7163120567375887	0.7369942196531792	0.6187050359712231	0.6960352422907489	0.6757322175732218	0.6506276150627615	
1.0	1.0	0.7272727272727273	0.7272727272727273	0	1.0	1.0	1.0	1.0	1.0	1.0	1.0	0.8181818181818182	1.0	1.0	1.0	0.5454545454545454	1.0	1.0	1.0	0.5454545454545454	0.5454545454545454	0.5454545454545454	0.5454545454545454	1.0	1.0	1.0	1.0	1.0	1.0	1.0	1.0	1.0	1.0	
0.6264367816091954	0.5862068965517241	0.4827586206896552	0.5689655172413793	1.0	0	0.4482758620689655	0.6551724137931034	1.0	0.5238095238095238	0.3793103448275862	0.8908045977011494	0.46551724137931033	1.0	1.0	0.4482758620689655	0.6494252873563219	0.5689655172413793	0.4482758620689655	0.5689655172413793	0.8908045977011494	0.6264367816091954	0.8908045977011494	0.632183908045977	0.6149425287356322	0.4827586206896552	0.5689655172413793	0.3793103448275862	0.5689655172413793	0.43103448275862066	0.7873563218390804	0.603448275862069	0.3793103448275862	0.4827586206896552	
0.7685714285714286	0.7485714285714286	0.5	0.52	1.0	0.4482758620689655	0	0.6342857142857142	0.9814814814814815	0.3968253968253968	0.2730496453900709	0.8636363636363636	0.46	1.0	0.9230769230769231	0.3914285714285714	0.66	0.6124031007751938	0.42	0.7742857142857142	0.8142857142857143	0.7	0.8142857142857143	0.7428571428571429	0.708092485549133	0.5	0.6885714285714286	0.36857142857142855	0.5673758865248227	0.5838150289017341	0.6294964028776978	0.5257142857142857	0.36857142857142855	0.6085714285714285	
0.5497237569060773	0.7623318385650224	0.5605381165919282	0.6614349775784754	1.0	0.6551724137931034	0.6342857142857142	0	0.5617283950617284	0.0	0.6170212765957447	0.8	0.6771300448430493	0.8461538461538461	0.0	0.7197309417040358	0.7286995515695067	0.32945736434108525	0.6771300448430493	0.6098654708520179	0.8333333333333334	0.48654708520179374	0.8333333333333334	0.6076233183856502	0.4277456647398844	0.4415204678362573	0.5044843049327354	0.6367713004484304	0.7695035460992907	0.6416184971098265	0.36330935251798563	0.5381165919282511	0.6367713004484304	0.6524663677130045	
0.8765432098765432	1.0	0.8024691358024691	0.9012345679012346	1.0	1.0	0.9814814814814815	0.5617283950617284	0	1.0	0.9876543209876543	0.8271604938271605	0.7654320987654321	0.8461538461538461	0.15384615384615385	0.9320987654320988	0.7777777777777778	1.0	0.9135802469135802	0.8209876543209876	0.808641975308642	0.4074074074074074	0.808641975308642	0.5987654320987654	0.7839506172839507	0.7962962962962963	0.48148148148148145	0.6358024691358025	0.9506172839506173	0.7901234567901234	0.9567901234567902	0.6172839506172839	0.6358024691358025	0.8333333333333334	
0.35714285714285715	0.42063492063492064	0.2698412698412698	0.2698412698412698	1.0	0.5238095238095238	0.3968253968253968	0.0	1.0	0	0.3968253968253968	0.7857142857142857	0.3968253968253968	1.0	1.0	0.3968253968253968	0.4126984126984127	0.0	0.3968253968253968	0.0	0.8571428571428571	0.2698412698412698	0.8571428571428571	0.6031746031746031	0.16666666666666666	0.2698412698412698	0.0	0.3968253968253968	0.5793650793650794	0.6666666666666666	0.46825396825396826	0.06349206349206349	0.3968253968253968	0.2698412698412698	
0.7340425531914894	0.6312056737588653	0.5212765957446809	0.5106382978723404	1.0	0.3793103448275862	0.2730496453900709	0.6170212765957447	0.9876543209876543	0.3968253968253968	0	0.8439716312056738	0.31560283687943264	1.0	0.9487179487179487	0.3049645390070922	0.5815602836879432	0.4883720930232558	0.3191489361702128	0.5957446808510638	0.6950354609929078	0.5354609929078015	0.6950354609929078	0.5567375886524822	0.6737588652482269	0.2375886524822695	0.41843971631205673	0.13120567375886524	0.5141843971631206	0.5177304964539007	0.6942446043165468	0.41843971631205673	0.13120567375886524	0.48226950354609927	
0.9484848484848485	0.9	0.8727272727272727	0.9151515151515152	1.0	0.8908045977011494	0.8636363636363636	0.8	0.8271604938271605	0.7857142857142857	0.8439716312056738	0	0.8181818181818182	0.0	0.9743589743589743	0.8848484848484849	0.8090909090909091	0.8875968992248062	0.906060606060606	0.906060606060606	0.8575757575757575	0.8393939393939394	0.8575757575757575	0.8878787878787879	0.9636363636363636	0.8545454545454545	0.7363636363636363	0.8242424242424242	0.8687943262411347	0.9151515151515152	0.9064748201438849	0.7848484848484848	0.8242424242424242	0.8575757575757575	
0.7955801104972375	0.8013100436681223	0.6069868995633187	0.7096069868995634	0.8181818181818182	0.46551724137931033	0.46	0.6771300448430493	0.7654320987654321	0.3968253968253968	0.31560283687943264	0.8181818181818182	0	0.8461538461538461	0.9743589743589743	0.6550218340611353	0.6703056768558951	0.6472868217054264	0.6462882096069869	0.7641921397379913	0.6971830985915493	0.7139737991266376	0.6971830985915493	0.7707423580786026	0.791907514450867	0.5467836257309941	0.7183406113537117	0.5502183406113537	0.624113475177305	0.7138728323699421	0.7266187050359713	0.6696035242290749	0.5502183406113537	0.6877729257641921	
1.0	1.0	0.8461538461538461	0.9230769230769231	1.0	1.0	1.0	0.8461538461538461	0.8461538461538461	1.0	1.0	0.0	0.8461538461538461	0	1.0	0.9230769230769231	0.5384615384615384	1.0	1.0	1.0	0.0	0.8461538461538461	0.0	1.0	1.0	1.0	0.0	1.0	1.0	1.0	1.0	1.0	1.0	1.0	
0.5384615384615384	1.0	0.7692307692307693	0.9743589743589743	1.0	1.0	0.9230769230769231	0.0	0.15384615384615385	1.0	0.9487179487179487	0.9743589743589743	0.9743589743589743	1.0	0	0.7692307692307693	0.7692307692307693	1.0	0.6410256410256411	0.9487179487179487	0.717948717948718	0.5128205128205128	0.717948717948718	0.0	0.0	0.0	0.6923076923076923	0.3333333333333333	0.7948717948717948	0.1794871794871795	0.6666666666666666	0.6923076923076923	0.3333333333333333	0.20512820512820512	
0.7900552486187845	0.7680851063829788	0.5983263598326359	0.5774058577405857	1.0	0.4482758620689655	0.3914285714285714	0.7197309417040358	0.9320987654320988	0.3968253968253968	0.3049645390070922	0.8848484848484849	0.6550218340611353	0.9230769230769231	0.7692307692307693	0	0.7685589519650655	0.5465116279069767	0.4121338912133891	0.7866108786610879	0.8098591549295775	0.7196652719665272	0.8098591549295775	0.7907949790794979	0.6011560693641619	0.5175438596491229	0.6882845188284519	0.5481171548117155	0.5602836879432624	0.6213872832369942	0.6474820143884892	0.7180616740088106	0.5481171548117155	0.6694560669456067	
0.8397790055248618	0.87117903930131	0.759825327510917	0.6899563318777293	0.5454545454545454	0.6494252873563219	0.66	0.7286995515695067	0.7777777777777778	0.4126984126984127	0.5815602836879432	0.8090909090909091	0.6703056768558951	0.5384615384615384	0.7692307692307693	0.7685589519650655	0	0.6627906976744186	0.7707423580786026	0.8165938864628821	0.7582159624413145	0.7467248908296943	0.7582159624413145	0.6397379912663755	0.7456647398843931	0.5263157894736842	0.6812227074235808	0.6921397379912664	0.7695035460992907	0.8005780346820809	0.8165467625899281	0.7158590308370044	0.6921397379912664	0.665938864628821	
0.4108527131782946	0.4689922480620155	0.32945736434108525	0.32945736434108525	1.0	0.5689655172413793	0.6124031007751938	0.32945736434108525	1.0	0.0	0.4883720930232558	0.8875968992248062	0.6472868217054264	1.0	1.0	0.5465116279069767	0.6627906976744186	0	0.5077519379844961	0.14728682170542637	0.7751937984496124	0.15503875968992248	0.7751937984496124	0.5736434108527132	0.4069767441860465	0.38372093023255816	0.050387596899224806	0.5116279069767442	0.7829457364341085	0.7248062015503876	0.5697674418604651	0.38372093023255816	0.5116279069767442	0.5465116279069767	
0.6988950276243094	0.7382978723404255	0.5878661087866108	0.602510460251046	1.0	0.4482758620689655	0.42	0.6771300448430493	0.9135802469135802	0.3968253968253968	0.3191489361702128	0.906060606060606	0.6462882096069869	1.0	0.6410256410256411	0.4121338912133891	0.7707423580786026	0.5077519379844961	0	0.7719665271966527	0.7652582159624414	0.6443514644351465	0.7652582159624414	0.7259414225941423	0.4884393063583815	0.41228070175438597	0.7217573221757322	0.5523012552301255	0.5815602836879432	0.6416184971098265	0.5935251798561151	0.6696035242290749	0.5523012552301255	0.6422594142259415	
0.5966850828729282	0.7489361702127659	0.6715481171548117	0.6589958158995816	1.0	0.5689655172413793	0.7742857142857142	0.6098654708520179	0.8209876543209876	0.0	0.5957446808510638	0.906060606060606	0.7641921397379913	1.0	0.9487179487179487	0.7866108786610879	0.8165938864628821	0.14728682170542637	0.7719665271966527	0	0.8380281690140845	0.497907949790795	0.8380281690140845	0.7364016736401674	0.5924855491329479	0.5789473684210527	0.5230125523012552	0.7384937238493724	0.8014184397163121	0.8323699421965318	0.6834532374100719	0.6696035242290749	0.7384937238493724	0.7468619246861925	
0.7320441988950276	0.8990610328638498	0.7253521126760564	0.8004694835680751	0.5454545454545454	0.8908045977011494	0.8142857142857143	0.8333333333333334	0.808641975308642	0.8571428571428571	0.6950354609929078	0.8575757575757575	0.6971830985915493	0.0	0.717948717948718	0.8098591549295775	0.7582159624413145	0.7751937984496124	0.7652582159624414	0.8380281690140845	0	0.6244131455399061	0.0	0.5727699530516432	0.8121387283236994	0.6578947368421053	0.7112676056338029	0.7910798122065728	0.8439716312056738	0.861271676300578	0.841726618705036	0.7699530516431925	0.7910798122065728	0.8685446009389671	
0.49171270718232046	0.725531914893617	0.5502092050209205	0.5815899581589958	0.5454545454545454	0.6264367816091954	0.7	0.48654708520179374	0.4074074074074074	0.2698412698412698	0.5354609929078015	0.8393939393939394	0.7139737991266376	0.8461538461538461	0.5128205128205128	0.7196652719665272	0.7467248908296943	0.15503875968992248	0.6443514644351465	0.497907949790795	0.6244131455399061	0	0.6244131455399061	0.5543933054393305	0.5202312138728323	0.4473684210526316	0.4497907949790795	0.6443514644351465	0.776595744680851	0.7196531791907514	0.5071942446043165	0.6365638766519823	0.6443514644351465	0.7301255230125523	
0.7320441988950276	0.8990610328638498	0.7253521126760564	0.8004694835680751	0.5454545454545454	0.8908045977011494	0.8142857142857143	0.8333333333333334	0.808641975308642	0.8571428571428571	0.6950354609929078	0.8575757575757575	0.6971830985915493	0.0	0.717948717948718	0.8098591549295775	0.7582159624413145	0.7751937984496124	0.7652582159624414	0.8380281690140845	0.0	0.6244131455399061	0	0.5727699530516432	0.8121387283236994	0.6578947368421053	0.7112676056338029	0.7910798122065728	0.8439716312056738	0.861271676300578	0.841726618705036	0.7699530516431925	0.7910798122065728	0.8685446009389671	
0.574585635359116	0.8127659574468085	0.7489539748953975	0.7719665271966527	0.5454545454545454	0.632183908045977	0.7428571428571429	0.6076233183856502	0.5987654320987654	0.6031746031746031	0.5567375886524822	0.8878787878787879	0.7707423580786026	1.0	0.0	0.7907949790794979	0.6397379912663755	0.5736434108527132	0.7259414225941423	0.7364016736401674	0.5727699530516432	0.5543933054393305	0.5727699530516432	0	0.5289017341040463	0.3508771929824561	0.6464435146443515	0.604602510460251	0.7943262411347518	0.5086705202312138	0.7302158273381295	0.5991189427312775	0.604602510460251	0.6820083682008368	
0.6040462427745664	0.8063583815028902	0.5664739884393064	0.5549132947976878	1.0	0.6149425287356322	0.708092485549133	0.4277456647398844	0.7839506172839507	0.16666666666666666	0.6737588652482269	0.9636363636363636	0.791907514450867	1.0	0.0	0.6011560693641619	0.7456647398843931	0.4069767441860465	0.4884393063583815	0.5924855491329479	0.8121387283236994	0.5202312138728323	0.8121387283236994	0.5289017341040463	0	0.45614035087719296	0.5115606936416185	0.615606936416185	0.8156028368794326	0.6184971098265896	0.6618705035971223	0.615606936416185	0.615606936416185	0.6011560693641619	
0.6111111111111112	0.7456140350877193	0.631578947368421	0.4824561403508772	1.0	0.4827586206896552	0.5	0.4415204678362573	0.7962962962962963	0.2698412698412698	0.2375886524822695	0.8545454545454545	0.5467836257309941	1.0	0.0	0.5175438596491229	0.5263157894736842	0.38372093023255816	0.41228070175438597	0.5789473684210527	0.6578947368421053	0.4473684210526316	0.6578947368421053	0.3508771929824561	0.45614035087719296	0	0.4678362573099415	0.26608187134502925	0.624113475177305	0.5584795321637427	0.6258992805755396	0.39473684210526316	0.26608187134502925	0.347953216374269	
0.5580110497237569	0.6595744680851063	0.5370370370370371	0.5857740585774058	1.0	0.5689655172413793	0.6885714285714286	0.5044843049327354	0.48148148148148145	0.0	0.41843971631205673	0.7363636363636363	0.7183406113537117	0.0	0.6923076923076923	0.6882845188284519	0.6812227074235808	0.050387596899224806	0.7217573221757322	0.5230125523012552	0.7112676056338029	0.4497907949790795	0.7112676056338029	0.6464435146443515	0.5115606936416185	0.4678362573099415	0	0.6316872427983539	0.7269503546099291	0.6907514450867052	0.5683453237410072	0.42290748898678415	0.6316872427983539	0.7092050209205021	
0.7403314917127072	0.7702127659574468	0.6872427983539094	0.6757322175732218	1.0	0.3793103448275862	0.36857142857142855	0.6367713004484304	0.6358024691358025	0.3968253968253968	0.13120567375886524	0.8242424242424242	0.5502183406113537	1.0	0.3333333333333333	0.5481171548117155	0.6921397379912664	0.5116279069767442	0.5523012552301255	0.7384937238493724	0.7910798122065728	0.6443514644351465	0.7910798122065728	0.604602510460251	0.615606936416185	0.26608187134502925	0.6316872427983539	0	0.574468085106383	0.5144508670520231	0.6942446043165468	0.5198237885462555	0.0	0.6380753138075314	
0.8687943262411347	0.7411347517730497	0.7163120567375887	0.7163120567375887	1.0	0.5689655172413793	0.5673758865248227	0.7695035460992907	0.9506172839506173	0.5793650793650794	0.5141843971631206	0.8687943262411347	0.624113475177305	1.0	0.7948717948717948	0.5602836879432624	0.7695035460992907	0.7829457364341085	0.5815602836879432	0.8014184397163121	0.8439716312056738	0.776595744680851	0.8439716312056738	0.7943262411347518	0.8156028368794326	0.624113475177305	0.7269503546099291	0.574468085106383	0	0.6382978723404256	0.7230215827338129	0.7340425531914894	0.574468085106383	0.6524822695035462	
0.6994219653179191	0.7861271676300579	0.6560693641618497	0.7369942196531792	1.0	0.43103448275862066	0.5838150289017341	0.6416184971098265	0.7901234567901234	0.6666666666666666	0.5177304964539007	0.9151515151515152	0.7138728323699421	1.0	0.1794871794871795	0.6213872832369942	0.8005780346820809	0.7248062015503876	0.6416184971098265	0.8323699421965318	0.861271676300578	0.7196531791907514	0.861271676300578	0.5086705202312138	0.6184971098265896	0.5584795321637427	0.6907514450867052	0.5144508670520231	0.6382978723404256	0	0.5899280575539568	0.6936416184971098	0.5144508670520231	0.6965317919075145	
0.697841726618705	0.6546762589928058	0.5251798561151079	0.6187050359712231	1.0	0.7873563218390804	0.6294964028776978	0.36330935251798563	0.9567901234567902	0.46825396825396826	0.6942446043165468	0.9064748201438849	0.7266187050359713	1.0	0.6666666666666666	0.6474820143884892	0.8165467625899281	0.5697674418604651	0.5935251798561151	0.6834532374100719	0.841726618705036	0.5071942446043165	0.841726618705036	0.7302158273381295	0.6618705035971223	0.6258992805755396	0.5683453237410072	0.6942446043165468	0.7230215827338129	0.5899280575539568	0	0.5935251798561151	0.6942446043165468	0.7230215827338129	
0.6767955801104972	0.7731277533039648	0.6167400881057269	0.6960352422907489	1.0	0.603448275862069	0.5257142857142857	0.5381165919282511	0.6172839506172839	0.06349206349206349	0.41843971631205673	0.7848484848484848	0.6696035242290749	1.0	0.6923076923076923	0.7180616740088106	0.7158590308370044	0.38372093023255816	0.6696035242290749	0.6696035242290749	0.7699530516431925	0.6365638766519823	0.7699530516431925	0.5991189427312775	0.615606936416185	0.39473684210526316	0.42290748898678415	0.5198237885462555	0.7340425531914894	0.6936416184971098	0.5935251798561151	0	0.5198237885462555	0.5969162995594713	
0.7403314917127072	0.7702127659574468	0.6872427983539094	0.6757322175732218	1.0	0.3793103448275862	0.36857142857142855	0.6367713004484304	0.6358024691358025	0.3968253968253968	0.13120567375886524	0.8242424242424242	0.5502183406113537	1.0	0.3333333333333333	0.5481171548117155	0.6921397379912664	0.5116279069767442	0.5523012552301255	0.7384937238493724	0.7910798122065728	0.6443514644351465	0.7910798122065728	0.604602510460251	0.615606936416185	0.26608187134502925	0.6316872427983539	0.0	0.574468085106383	0.5144508670520231	0.6942446043165468	0.5198237885462555	0	0.6380753138075314	
0.7762430939226519	0.7957446808510639	0.7322175732217573	0.6506276150627615	1.0	0.4827586206896552	0.6085714285714285	0.6524663677130045	0.8333333333333334	0.2698412698412698	0.48226950354609927	0.8575757575757575	0.6877729257641921	1.0	0.20512820512820512	0.6694560669456067	0.665938864628821	0.5465116279069767	0.6422594142259415	0.7468619246861925	0.8685446009389671	0.7301255230125523	0.8685446009389671	0.6820083682008368	0.6011560693641619	0.347953216374269	0.7092050209205021	0.6380753138075314	0.6524822695035462	0.6965317919075145	0.7230215827338129	0.5969162995594713	0.6380753138075314	0	
