0	0.5862068965517241	0.3333333333333333	0.42592592592592593	0.6975308641975309	0.30246913580246915	0.5370370370370371	0.2654320987654321	0.808641975308642	0.6358024691358025	0.6851851851851852	1.0	0.48148148148148145	0.4691358024691358	0.4506172839506173	0.7283950617283951	0.4876543209876543	1.0	0.7025316455696202	0.2839506172839506	0.48148148148148145	0.6419753086419753	0.7058823529411765	0.37037037037037035	0.7704918032786885	0.6790123456790124	0.5925925925925926	0.6111111111111112	0.6419753086419753	0.46551724137931033	0.7283950617283951	0.5493827160493827	0.6111111111111112	0.09259259259259259	
0.5862068965517241	0	0.7241379310344828	0.5689655172413793	0.39655172413793105	0.5862068965517241	0.5689655172413793	0.5862068965517241	0.3275862068965517	0.39655172413793105	0.6724137931034483	1.0	0.39655172413793105	0.39655172413793105	0.39655172413793105	0.6724137931034483	0.8620689655172413	1.0	0.6724137931034483	0.5862068965517241	0.5	0.5689655172413793	1.0	0.39655172413793105	0.1724137931034483	0.1724137931034483	0.0	0.0	0.39655172413793105	0.5862068965517241	0.5689655172413793	0.5689655172413793	0.0	0.5862068965517241	
0.3333333333333333	0.7241379310344828	0	0.5864197530864198	0.7777777777777778	0.6049382716049383	0.7407407407407407	0.5925925925925926	0.9012345679012346	0.691358024691358	0.7283950617283951	1.0	0.6358024691358025	0.6728395061728395	0.6790123456790124	0.7716049382716049	0.5617283950617284	1.0	0.7341772151898734	0.5864197530864198	0.5246913580246914	0.8209876543209876	0.8235294117647058	0.5987654320987654	0.8524590163934426	0.7716049382716049	0.6851851851851852	0.7037037037037037	0.6728395061728395	0.7241379310344828	0.7592592592592593	0.7283950617283951	0.7037037037037037	0.41358024691358025	
0.42592592592592593	0.5689655172413793	0.5864197530864198	0	0.7160493827160493	0.6419753086419753	0.4567901234567901	0.6296296296296297	0.6851851851851852	0.7654320987654321	0.49382716049382713	1.0	0.42592592592592593	0.7345679012345679	0.7407407407407407	0.5864197530864198	0.3333333333333333	1.0	0.5063291139240507	0.6234567901234568	0.6975308641975309	0.6234567901234568	0.7058823529411765	0.6604938271604939	0.4426229508196721	0.35185185185185186	0.6111111111111112	0.6296296296296297	0.7716049382716049	0.0	0.5123456790123457	0.4691358024691358	0.6296296296296297	0.5061728395061729	
0.6975308641975309	0.39655172413793105	0.7777777777777778	0.7160493827160493	0	0.5493827160493827	0.6049382716049383	0.5617283950617284	0.43209876543209874	0.4012345679012346	0.6296296296296297	1.0	0.3888888888888889	0.3271604938271605	0.4012345679012346	0.5864197530864198	0.7407407407407407	1.0	0.6392405063291139	0.4876543209876543	0.5370370370370371	0.5555555555555556	0.0	0.4012345679012346	0.4344262295081967	0.5555555555555556	0.21604938271604937	0.2777777777777778	0.3395061728395062	0.6724137931034483	0.6790123456790124	0.6172839506172839	0.2777777777777778	0.6975308641975309	
0.30246913580246915	0.5862068965517241	0.6049382716049383	0.6419753086419753	0.5493827160493827	0	0.5925925925925926	0.09876543209876543	0.5864197530864198	0.49382716049382713	0.7654320987654321	1.0	0.30246913580246915	0.3148148148148148	0.3333333333333333	0.7901234567901234	0.6172839506172839	1.0	0.7784810126582279	0.08024691358024691	0.6234567901234568	0.4506172839506173	0.5882352941176471	0.35185185185185186	0.6721311475409836	0.6604938271604939	0.46296296296296297	0.38271604938271603	0.5123456790123457	0.46551724137931033	0.7098765432098766	0.6049382716049383	0.38271604938271603	0.2839506172839506	
0.5370370370370371	0.5689655172413793	0.7407407407407407	0.4567901234567901	0.6049382716049383	0.5925925925925926	0	0.6296296296296297	0.7037037037037037	0.6790123456790124	0.20987654320987653	1.0	0.6604938271604939	0.3271604938271605	0.4444444444444444	0.3271604938271605	0.4074074074074074	0.7619047619047619	0.21518987341772153	0.5123456790123457	0.41358024691358025	0.2777777777777778	0.0	0.42592592592592593	0.48360655737704916	0.30246913580246915	0.5493827160493827	0.6296296296296297	0.5987654320987654	0.5862068965517241	0.35185185185185186	0.012345679012345678	0.6296296296296297	0.5555555555555556	
0.2654320987654321	0.5862068965517241	0.5925925925925926	0.6296296296296297	0.5617283950617284	0.09876543209876543	0.6296296296296297	0	0.6604938271604939	0.4567901234567901	0.7777777777777778	1.0	0.3148148148148148	0.35185185185185186	0.2345679012345679	0.8024691358024691	0.6296296296296297	1.0	0.7911392405063291	0.11728395061728394	0.6358024691358025	0.5493827160493827	0.7058823529411765	0.3148148148148148	0.6721311475409836	0.7345679012345679	0.47530864197530864	0.4567901234567901	0.5246913580246914	0.46551724137931033	0.7839506172839507	0.6419753086419753	0.4567901234567901	0.2345679012345679	
0.808641975308642	0.3275862068965517	0.9012345679012346	0.6851851851851852	0.43209876543209874	0.5864197530864198	0.7037037037037037	0.6604938271604939	0	0.5061728395061729	0.7407407407407407	1.0	0.5185185185185185	0.5246913580246914	0.5185185185185185	0.7469135802469136	0.8333333333333334	1.0	0.7531645569620253	0.6666666666666666	0.7407407407407407	0.5123456790123457	0.5882352941176471	0.5370370370370371	0.3442622950819672	0.4012345679012346	0.30246913580246915	0.2222222222222222	0.5246913580246914	0.603448275862069	0.6234567901234568	0.7160493827160493	0.2222222222222222	0.7901234567901234	
0.6358024691358025	0.39655172413793105	0.691358024691358	0.7654320987654321	0.4012345679012346	0.49382716049382713	0.6790123456790124	0.4567901234567901	0.5061728395061729	0	0.6419753086419753	1.0	0.5	0.35185185185185186	0.2962962962962963	0.6790123456790124	0.7530864197530864	0.9047619047619048	0.6518987341772152	0.5123456790123457	0.5	0.5493827160493827	0.7058823529411765	0.3395061728395062	0.4918032786885246	0.6111111111111112	0.30246913580246915	0.2839506172839506	0.12962962962962962	0.7586206896551724	0.4382716049382716	0.691358024691358	0.2839506172839506	0.5555555555555556	
0.6851851851851852	0.6724137931034483	0.7283950617283951	0.49382716049382713	0.6296296296296297	0.7654320987654321	0.20987654320987653	0.7777777777777778	0.7407407407407407	0.6419753086419753	0	1.0	0.6975308641975309	0.5370370370370371	0.6296296296296297	0.21604938271604937	0.2345679012345679	0.0	0.0	0.6851851851851852	0.2037037037037037	0.4876543209876543	0.0	0.6111111111111112	0.5327868852459017	0.3395061728395062	0.5864197530864198	0.6666666666666666	0.5617283950617284	0.6896551724137931	0.3148148148148148	0.2222222222222222	0.6666666666666666	0.7037037037037037	
1.0	1.0	1.0	1.0	1.0	1.0	1.0	1.0	1.0	1.0	1.0	0	1.0	1.0	1.0	1.0	1.0	1.0	1.0	1.0	1.0	1.0	1.0	1.0	1.0	1.0	1.0	1.0	1.0	1.0	1.0	1.0	1.0	1.0	
0.48148148148148145	0.39655172413793105	0.6358024691358025	0.42592592592592593	0.3888888888888889	0.30246913580246915	0.6604938271604939	0.3148148148148148	0.5185185185185185	0.5	0.6975308641975309	1.0	0	0.38271604938271603	0.47530864197530864	0.7407407407407407	0.5864197530864198	1.0	0.7088607594936709	0.2222222222222222	0.5555555555555556	0.6790123456790124	0.0	0.4567901234567901	0.5327868852459017	0.5925925925925926	0.2345679012345679	0.3148148148148148	0.41975308641975306	0.06896551724137931	0.7777777777777778	0.6728395061728395	0.3148148148148148	0.5	
0.4691358024691358	0.39655172413793105	0.6728395061728395	0.7345679012345679	0.3271604938271605	0.3148148148148148	0.3271604938271605	0.35185185185185186	0.5246913580246914	0.35185185185185186	0.5370370370370371	1.0	0.38271604938271603	0	0.11728395061728394	0.6049382716049383	0.6851851851851852	0.7619047619047619	0.5443037974683544	0.2345679012345679	0.3950617283950617	0.2962962962962963	0.0	0.09876543209876543	0.5081967213114754	0.6296296296296297	0.2222222222222222	0.30246913580246915	0.2716049382716049	0.6551724137931034	0.6790123456790124	0.3395061728395062	0.30246913580246915	0.4876543209876543	
0.4506172839506173	0.39655172413793105	0.6790123456790124	0.7407407407407407	0.4012345679012346	0.3333333333333333	0.4444444444444444	0.2345679012345679	0.5185185185185185	0.2962962962962963	0.6296296296296297	1.0	0.47530864197530864	0.11728395061728394	0	0.6790123456790124	0.7777777777777778	0.7619047619047619	0.6392405063291139	0.35185185185185186	0.4876543209876543	0.3148148148148148	0.7058823529411765	0.08024691358024691	0.5081967213114754	0.6234567901234568	0.3148148148148148	0.2962962962962963	0.36419753086419754	0.6551724137931034	0.6728395061728395	0.4567901234567901	0.2962962962962963	0.41975308641975306	
0.7283950617283951	0.6724137931034483	0.7716049382716049	0.5864197530864198	0.5864197530864198	0.7901234567901234	0.3271604938271605	0.8024691358024691	0.7469135802469136	0.6790123456790124	0.21604938271604937	1.0	0.7407407407407407	0.6049382716049383	0.6790123456790124	0	0.3888888888888889	0.9523809523809523	0.22151898734177214	0.7283950617283951	0.37037037037037035	0.5864197530864198	0.0	0.6790123456790124	0.5983606557377049	0.41358024691358025	0.6296296296296297	0.691358024691358	0.6172839506172839	0.7413793103448276	0.4012345679012346	0.3395061728395062	0.691358024691358	0.7283950617283951	
0.4876543209876543	0.8620689655172413	0.5617283950617284	0.3333333333333333	0.7407407407407407	0.6172839506172839	0.4074074074074074	0.6296296296296297	0.8333333333333334	0.7530864197530864	0.2345679012345679	1.0	0.5864197530864198	0.6851851851851852	0.7777777777777778	0.3888888888888889	0	0.5238095238095238	0.24050632911392406	0.5370370370370371	0.4382716049382716	0.6358024691358025	0.0	0.7592592592592593	0.6311475409836066	0.5	0.6975308641975309	0.7777777777777778	0.6728395061728395	0.5	0.47530864197530864	0.41975308641975306	0.7777777777777778	0.5061728395061729	
1.0	1.0	1.0	1.0	1.0	1.0	0.7619047619047619	1.0	1.0	0.9047619047619048	0.0	1.0	1.0	0.7619047619047619	0.7619047619047619	0.9523809523809523	0.5238095238095238	0	0.0	1.0	0.0	0.7619047619047619	1.0	0.7619047619047619	1.0	1.0	1.0	1.0	0.9047619047619048	1.0	0.9047619047619048	0.7619047619047619	1.0	1.0	
0.7025316455696202	0.6724137931034483	0.7341772151898734	0.5063291139240507	0.6392405063291139	0.7784810126582279	0.21518987341772153	0.7911392405063291	0.7531645569620253	0.6518987341772152	0.0	1.0	0.7088607594936709	0.5443037974683544	0.6392405063291139	0.22151898734177214	0.24050632911392406	0.0	0	0.6962025316455697	0.2088607594936709	0.4810126582278481	0.0	0.620253164556962	0.5573770491803278	0.34810126582278483	0.5949367088607594	0.6772151898734177	0.5569620253164557	0.6896551724137931	0.310126582278481	0.21518987341772153	0.6772151898734177	0.7215189873417721	
0.2839506172839506	0.5862068965517241	0.5864197530864198	0.6234567901234568	0.4876543209876543	0.08024691358024691	0.5123456790123457	0.11728395061728394	0.6666666666666666	0.5123456790123457	0.6851851851851852	1.0	0.2222222222222222	0.2345679012345679	0.35185185185185186	0.7283950617283951	0.5370370370370371	1.0	0.6962025316455697	0	0.5432098765432098	0.5308641975308642	0.0	0.3333333333333333	0.6721311475409836	0.7407407407407407	0.38271604938271603	0.46296296296296297	0.43209876543209874	0.46551724137931033	0.7901234567901234	0.5246913580246914	0.46296296296296297	0.30246913580246915	
0.48148148148148145	0.5	0.5246913580246914	0.6975308641975309	0.5370370370370371	0.6234567901234568	0.41358024691358025	0.6358024691358025	0.7407407407407407	0.5	0.2037037037037037	1.0	0.5555555555555556	0.3950617283950617	0.4876543209876543	0.37037037037037035	0.4382716049382716	0.0	0.2088607594936709	0.5432098765432098	0	0.6296296296296297	0.0	0.4691358024691358	0.7213114754098361	0.5432098765432098	0.4444444444444444	0.5246913580246914	0.41975308641975306	0.7586206896551724	0.5185185185185185	0.42592592592592593	0.5246913580246914	0.5	
0.6419753086419753	0.5689655172413793	0.8209876543209876	0.6234567901234568	0.5555555555555556	0.4506172839506173	0.2777777777777778	0.5493827160493827	0.5123456790123457	0.5493827160493827	0.4876543209876543	1.0	0.6790123456790124	0.2962962962962963	0.3148148148148148	0.5864197530864198	0.6358024691358025	0.7619047619047619	0.4810126582278481	0.5308641975308642	0.6296296296296297	0	0.5882352941176471	0.3333333333333333	0.2540983606557377	0.41975308641975306	0.5185185185185185	0.4382716049382716	0.5432098765432098	0.5862068965517241	0.4444444444444444	0.2654320987654321	0.4382716049382716	0.6234567901234568	
0.7058823529411765	1.0	0.8235294117647058	0.7058823529411765	0.0	0.5882352941176471	0.0	0.7058823529411765	0.5882352941176471	0.7058823529411765	0.0	1.0	0.0	0.0	0.7058823529411765	0.0	0.0	1.0	0.0	0.0	0.0	0.5882352941176471	0	0.7058823529411765	1.0	0.5882352941176471	0.0	0.5882352941176471	0.0	0.9411764705882353	0.5882352941176471	0.0	0.5882352941176471	0.7058823529411765	
0.37037037037037035	0.39655172413793105	0.5987654320987654	0.6604938271604939	0.4012345679012346	0.35185185185185186	0.42592592592592593	0.3148148148148148	0.5370370370370371	0.3395061728395062	0.6111111111111112	1.0	0.4567901234567901	0.09876543209876543	0.08024691358024691	0.6790123456790124	0.7592592592592593	0.7619047619047619	0.620253164556962	0.3333333333333333	0.4691358024691358	0.3333333333333333	0.7058823529411765	0	0.5081967213114754	0.6419753086419753	0.2962962962962963	0.3148148148148148	0.345679012345679	0.6551724137931034	0.691358024691358	0.4382716049382716	0.3148148148148148	0.46296296296296297	
0.7704918032786885	0.1724137931034483	0.8524590163934426	0.4426229508196721	0.4344262295081967	0.6721311475409836	0.48360655737704916	0.6721311475409836	0.3442622950819672	0.4918032786885246	0.5327868852459017	1.0	0.5327868852459017	0.5081967213114754	0.5081967213114754	0.5983606557377049	0.6311475409836066	1.0	0.5573770491803278	0.6721311475409836	0.7213114754098361	0.2540983606557377	1.0	0.5081967213114754	0	0.2459016393442623	0.27049180327868855	0.27049180327868855	0.5081967213114754	0.5172413793103449	0.48360655737704916	0.5	0.27049180327868855	0.7704918032786885	
0.6790123456790124	0.1724137931034483	0.7716049382716049	0.35185185185185186	0.5555555555555556	0.6604938271604939	0.30246913580246915	0.7345679012345679	0.4012345679012346	0.6111111111111112	0.3395061728395062	1.0	0.5925925925925926	0.6296296296296297	0.6234567901234568	0.41358024691358025	0.5	1.0	0.34810126582278483	0.7407407407407407	0.5432098765432098	0.41975308641975306	0.5882352941176471	0.6419753086419753	0.2459016393442623	0	0.4074074074074074	0.3271604938271605	0.6296296296296297	0.39655172413793105	0.2222222222222222	0.3148148148148148	0.3271604938271605	0.6604938271604939	
0.5925925925925926	0.0	0.6851851851851852	0.6111111111111112	0.21604938271604937	0.46296296296296297	0.5493827160493827	0.47530864197530864	0.30246913580246915	0.30246913580246915	0.5864197530864198	1.0	0.2345679012345679	0.2222222222222222	0.3148148148148148	0.6296296296296297	0.6975308641975309	1.0	0.5949367088607594	0.38271604938271603	0.4444444444444444	0.5185185185185185	0.0	0.2962962962962963	0.27049180327868855	0.4074074074074074	0	0.08024691358024691	0.2222222222222222	0.46551724137931033	0.6296296296296297	0.5617283950617284	0.08024691358024691	0.6111111111111112	
0.6111111111111112	0.0	0.7037037037037037	0.6296296296296297	0.2777777777777778	0.38271604938271603	0.6296296296296297	0.4567901234567901	0.2222222222222222	0.2839506172839506	0.6666666666666666	1.0	0.3148148148148148	0.30246913580246915	0.2962962962962963	0.691358024691358	0.7777777777777778	1.0	0.6772151898734177	0.46296296296296297	0.5246913580246914	0.4382716049382716	0.5882352941176471	0.3148148148148148	0.27049180327868855	0.3271604938271605	0.08024691358024691	0	0.30246913580246915	0.46551724137931033	0.5493827160493827	0.6419753086419753	0.0	0.5925925925925926	
0.6419753086419753	0.39655172413793105	0.6728395061728395	0.7716049382716049	0.3395061728395062	0.5123456790123457	0.5987654320987654	0.5246913580246914	0.5246913580246914	0.12962962962962962	0.5617283950617284	1.0	0.41975308641975306	0.2716049382716049	0.36419753086419754	0.6172839506172839	0.6728395061728395	0.9047619047619048	0.5569620253164557	0.43209876543209874	0.41975308641975306	0.5432098765432098	0.0	0.345679012345679	0.5081967213114754	0.6296296296296297	0.2222222222222222	0.30246913580246915	0	0.7586206896551724	0.4074074074074074	0.5864197530864198	0.30246913580246915	0.6604938271604939	
0.46551724137931033	0.5862068965517241	0.7241379310344828	0.0	0.6724137931034483	0.46551724137931033	0.5862068965517241	0.46551724137931033	0.603448275862069	0.7586206896551724	0.6896551724137931	1.0	0.06896551724137931	0.6551724137931034	0.6551724137931034	0.7413793103448276	0.5	1.0	0.6896551724137931	0.46551724137931033	0.7586206896551724	0.5862068965517241	0.9411764705882353	0.6551724137931034	0.5172413793103449	0.39655172413793105	0.46551724137931033	0.46551724137931033	0.7586206896551724	0	0.6896551724137931	0.5862068965517241	0.46551724137931033	0.46551724137931033	
0.7283950617283951	0.5689655172413793	0.7592592592592593	0.5123456790123457	0.6790123456790124	0.7098765432098766	0.35185185185185186	0.7839506172839507	0.6234567901234568	0.4382716049382716	0.3148148148148148	1.0	0.7777777777777778	0.6790123456790124	0.6728395061728395	0.4012345679012346	0.47530864197530864	0.9047619047619048	0.310126582278481	0.7901234567901234	0.5185185185185185	0.4444444444444444	0.5882352941176471	0.691358024691358	0.48360655737704916	0.2222222222222222	0.6296296296296297	0.5493827160493827	0.4074074074074074	0.6896551724137931	0	0.3395061728395062	0.5493827160493827	0.7098765432098766	
0.5493827160493827	0.5689655172413793	0.7283950617283951	0.4691358024691358	0.6172839506172839	0.6049382716049383	0.012345679012345678	0.6419753086419753	0.7160493827160493	0.691358024691358	0.2222222222222222	1.0	0.6728395061728395	0.3395061728395062	0.4567901234567901	0.3395061728395062	0.41975308641975306	0.7619047619047619	0.21518987341772153	0.5246913580246914	0.42592592592592593	0.2654320987654321	0.0	0.4382716049382716	0.5	0.3148148148148148	0.5617283950617284	0.6419753086419753	0.5864197530864198	0.5862068965517241	0.3395061728395062	0	0.6419753086419753	0.5679012345679012	
0.6111111111111112	0.0	0.7037037037037037	0.6296296296296297	0.2777777777777778	0.38271604938271603	0.6296296296296297	0.4567901234567901	0.2222222222222222	0.2839506172839506	0.6666666666666666	1.0	0.3148148148148148	0.30246913580246915	0.2962962962962963	0.691358024691358	0.7777777777777778	1.0	0.6772151898734177	0.46296296296296297	0.5246913580246914	0.4382716049382716	0.5882352941176471	0.3148148148148148	0.27049180327868855	0.3271604938271605	0.08024691358024691	0.0	0.30246913580246915	0.46551724137931033	0.5493827160493827	0.6419753086419753	0	0.5925925925925926	
0.09259259259259259	0.5862068965517241	0.41358024691358025	0.5061728395061729	0.6975308641975309	0.2839506172839506	0.5555555555555556	0.2345679012345679	0.7901234567901234	0.5555555555555556	0.7037037037037037	1.0	0.5	0.4876543209876543	0.41975308641975306	0.7283950617283951	0.5061728395061729	1.0	0.7215189873417721	0.30246913580246915	0.5	0.6234567901234568	0.7058823529411765	0.46296296296296297	0.7704918032786885	0.6604938271604939	0.6111111111111112	0.5925925925925926	0.6604938271604939	0.46551724137931033	0.7098765432098766	0.5679012345679012	0.5925925925925926	0	
