0	0.9114583333333334	0.8559027777777778	0.9273504273504274	0.90625	0.8298611111111112	1.0	0.8611111111111112	1.0	1.0	0.8541666666666666	0.859375	0.8697916666666666	0.8576388888888888	0.8611111111111112	0.8784722222222222	0.90625	0.8923611111111112	0.8975694444444444	0.8263888888888888	0.9166666666666666	1.0	0.8298611111111112	0.8263888888888888	1.0	0.8541666666666666	0.8246527777777778	0.8923611111111112	0.8888888888888888	1.0	0.9322916666666666	0.8854166666666666	0.8246527777777778	0.8680555555555556	
0.9114583333333334	0	0.8892543859649122	0.8141025641025641	0.9067982456140351	0.9221491228070176	0.9982817869415808	0.8591065292096219	1.0	1.0	0.9155701754385965	0.9067982456140351	0.9221491228070176	0.9232456140350878	0.9122807017543859	0.8793859649122807	0.8745704467353952	0.8947368421052632	0.9418859649122807	0.9002192982456141	0.9320175438596491	0.9941520467836257	0.9111842105263158	0.9024122807017544	0.9941520467836257	0.8642611683848798	0.9002192982456141	0.9254385964912281	0.9140893470790378	0.9979674796747967	0.9240196078431373	0.9067982456140351	0.9002192982456141	0.9221491228070176	
0.8559027777777778	0.8892543859649122	0	0.8418803418803419	0.8745318352059925	0.8698501872659176	0.8969072164948454	0.872852233676976	0.8888888888888888	1.0	0.8895131086142322	0.9091760299625468	0.8923220973782772	0.9082397003745318	0.9288389513108615	0.8520599250936329	0.872852233676976	0.8595505617977528	0.9222846441947565	0.8455056179775281	0.9210526315789473	0.8976608187134503	0.901685393258427	0.8670411985018727	0.9195906432748538	0.8298969072164949	0.8764044943820225	0.9110486891385767	0.9054982817869416	0.9247967479674797	0.9375	0.8380149812734082	0.8764044943820225	0.8389513108614233	
0.9273504273504274	0.8141025641025641	0.8418803418803419	0	0.9081196581196581	0.8888888888888888	1.0	0.9337606837606838	1.0	1.0	0.8504273504273504	0.9273504273504274	0.9017094017094017	0.8931623931623932	0.9017094017094017	0.8632478632478633	0.8952991452991453	0.8931623931623932	0.905982905982906	0.8888888888888888	0.9232456140350878	1.0	0.8888888888888888	0.8867521367521367	1.0	0.8034188034188035	0.8867521367521367	0.938034188034188	0.9145299145299145	1.0	0.9551282051282052	0.8653846153846154	0.8867521367521367	0.938034188034188	
0.90625	0.9067982456140351	0.8745318352059925	0.9081196581196581	0	0.871031746031746	0.8814432989690721	0.8556701030927835	0.8974358974358975	0.8513513513513513	0.8685344827586207	0.9054834054834054	0.8849028400597907	0.8793103448275862	0.9029126213592233	0.8756613756613757	0.8436426116838488	0.8765182186234818	0.8770491803278688	0.8492063492063492	0.8837719298245614	0.8859649122807017	0.8723544973544973	0.8756613756613757	0.9210526315789473	0.8711340206185567	0.8756613756613757	0.9125560538116592	0.8797250859106529	0.9105691056910569	0.9068627450980392	0.9028400597907325	0.8756613756613757	0.8677248677248677	
0.8298611111111112	0.9221491228070176	0.8698501872659176	0.8888888888888888	0.871031746031746	0	0.8539518900343642	0.788659793814433	0.8141025641025641	0.8288288288288288	0.8354885057471264	0.8643578643578643	0.7257100149476831	0.7844827586206896	0.8454692556634305	0.7594771241830065	0.7989690721649485	0.771255060728745	0.843351548269581	0.6686274509803921	0.8179824561403509	0.7777777777777778	0.7875816993464052	0.7836601307189542	0.77046783625731	0.8109965635738832	0.7803921568627451	0.9237668161434978	0.788659793814433	0.8943089430894309	0.9129901960784313	0.8819133034379671	0.7803921568627451	0.8549019607843137	
1.0	0.9982817869415808	0.8969072164948454	1.0	0.8814432989690721	0.8539518900343642	0	1.0	0.8589743589743589	0.7702702702702703	0.9398625429553265	0.9398625429553265	0.8986254295532646	0.9106529209621993	0.9828178694158075	0.8951890034364262	1.0	0.8951890034364262	0.9106529209621993	0.8694158075601375	1.0	0.8298969072164949	0.9312714776632303	0.8608247422680413	0.8848797250859106	1.0	0.8900343642611683	0.9192439862542955	1.0	0.9247967479674797	0.9982817869415808	0.7972508591065293	0.8900343642611683	0.8986254295532646	
0.8611111111111112	0.8591065292096219	0.872852233676976	0.9337606837606838	0.8556701030927835	0.788659793814433	1.0	0	1.0	1.0	0.7955326460481099	0.7405498281786942	0.8041237113402062	0.7955326460481099	0.7835051546391752	0.8642611683848798	0.8367697594501718	0.8780068728522337	0.8573883161512027	0.7955326460481099	0.8640350877192983	1.0	0.788659793814433	0.7955326460481099	1.0	0.8573883161512027	0.7920962199312714	0.8865979381443299	0.8298969072164949	1.0	0.9020618556701031	0.8436426116838488	0.7920962199312714	0.8625429553264605	
1.0	1.0	0.8888888888888888	1.0	0.8974358974358975	0.8141025641025641	0.8589743589743589	1.0	0	0.8468468468468469	0.8397435897435898	0.8376068376068376	0.9230769230769231	0.8589743589743589	0.9038461538461539	0.8162393162393162	1.0	0.8162393162393162	0.8888888888888888	0.8247863247863247	1.0	0.7521367521367521	0.8846153846153846	0.7905982905982906	0.8162393162393162	1.0	0.8247863247863247	0.9038461538461539	1.0	0.9444444444444444	1.0	0.8482905982905983	0.8247863247863247	0.782051282051282	
1.0	1.0	1.0	1.0	0.8513513513513513	0.8288288288288288	0.7702702702702703	1.0	0.8468468468468469	0	0.8648648648648649	0.8648648648648649	0.8963963963963963	0.7882882882882883	0.954954954954955	0.8243243243243243	1.0	0.8243243243243243	0.8648648648648649	0.8153153153153153	1.0	0.8018018018018018	0.8243243243243243	0.8063063063063063	0.8063063063063063	1.0	0.8153153153153153	0.9459459459459459	1.0	0.9144144144144144	1.0	0.8918918918918919	0.8153153153153153	0.8648648648648649	
0.8541666666666666	0.9155701754385965	0.8895131086142322	0.8504273504273504	0.8685344827586207	0.8354885057471264	0.9398625429553265	0.7955326460481099	0.8397435897435898	0.8648648648648649	0	0.8080808080808081	0.851270553064275	0.7658045977011494	0.8478964401294499	0.8656609195402298	0.7783505154639175	0.8714080459770115	0.8506375227686703	0.8390804597701149	0.831140350877193	0.902046783625731	0.8419540229885057	0.834051724137931	0.9312865497076024	0.7852233676975945	0.8347701149425287	0.9252615844544095	0.781786941580756	0.9715447154471545	0.9375	0.9005979073243647	0.8347701149425287	0.8556034482758621	
0.859375	0.9067982456140351	0.9091760299625468	0.9273504273504274	0.9054834054834054	0.8643578643578643	0.9398625429553265	0.7405498281786942	0.8376068376068376	0.8648648648648649	0.8080808080808081	0	0.8856502242152466	0.7965367965367965	0.8422330097087378	0.873015873015873	0.8402061855670103	0.8787878787878788	0.8524590163934426	0.862914862914863	0.8289473684210527	0.9049707602339181	0.8665223665223665	0.8593073593073594	0.9342105263157895	0.8487972508591065	0.862914862914863	0.92152466367713	0.8298969072164949	0.9715447154471545	0.9252450980392157	0.9125560538116592	0.862914862914863	0.8556998556998557	
0.8697916666666666	0.9221491228070176	0.8923220973782772	0.9017094017094017	0.8849028400597907	0.7257100149476831	0.8986254295532646	0.8041237113402062	0.9230769230769231	0.8963963963963963	0.851270553064275	0.8856502242152466	0	0.851270553064275	0.8624595469255664	0.8303437967115097	0.7800687285223368	0.8393124065769806	0.8843351548269581	0.7167414050822123	0.8289473684210527	0.8903508771929824	0.8161434977578476	0.8153961136023916	0.881578947368421	0.8367697594501718	0.8056801195814649	0.9237668161434978	0.8041237113402062	0.8861788617886179	0.9325980392156863	0.9080717488789237	0.8056801195814649	0.875186846038864	
0.8576388888888888	0.9232456140350878	0.9082397003745318	0.8931623931623932	0.8793103448275862	0.7844827586206896	0.9106529209621993	0.7955326460481099	0.8589743589743589	0.7882882882882883	0.7658045977011494	0.7965367965367965	0.851270553064275	0	0.8567961165048543	0.8074712643678161	0.7972508591065293	0.8239942528735632	0.8442622950819673	0.8010057471264368	0.8355263157894737	0.8888888888888888	0.8455459770114943	0.8103448275862069	0.9181286549707602	0.8109965635738832	0.8132183908045977	0.9267563527653214	0.7663230240549829	0.9532520325203252	0.9338235294117647	0.9118086696562033	0.8132183908045977	0.8670977011494253	
0.8611111111111112	0.9122807017543859	0.9288389513108615	0.9017094017094017	0.9029126213592233	0.8454692556634305	0.9828178694158075	0.7835051546391752	0.9038461538461539	0.954954954954955	0.8478964401294499	0.8422330097087378	0.8624595469255664	0.8567961165048543	0	0.8754045307443366	0.7663230240549829	0.8818770226537217	0.8542805100182149	0.8462783171521036	0.8092105263157895	0.9385964912280702	0.8527508090614887	0.8640776699029126	0.9371345029239766	0.8281786941580757	0.843042071197411	0.9409385113268608	0.7955326460481099	0.9796747967479674	0.9264705882352942	0.9231391585760518	0.843042071197411	0.8535598705501618	
0.8784722222222222	0.8793859649122807	0.8520599250936329	0.8632478632478633	0.8756613756613757	0.7594771241830065	0.8951890034364262	0.8642611683848798	0.8162393162393162	0.8243243243243243	0.8656609195402298	0.873015873015873	0.8303437967115097	0.8074712643678161	0.8754045307443366	0	0.8505154639175257	0.0	0.836976320582878	0.7666666666666667	0.875	0.7880116959064327	0.8431372549019608	0.8300653594771242	0.7733918128654971	0.8316151202749141	0.8281045751633986	0.9125560538116592	0.8625429553264605	0.9065040650406504	0.9203431372549019	0.8766816143497758	0.8281045751633986	0.8516339869281045	
0.90625	0.8745704467353952	0.872852233676976	0.8952991452991453	0.8436426116838488	0.7989690721649485	1.0	0.8367697594501718	1.0	1.0	0.7783505154639175	0.8402061855670103	0.7800687285223368	0.7972508591065293	0.7663230240549829	0.8505154639175257	0	0.8694158075601375	0.8350515463917526	0.8006872852233677	0.8377192982456141	1.0	0.8075601374570447	0.8075601374570447	1.0	0.872852233676976	0.7903780068728522	0.9037800687285223	0.8281786941580757	1.0	0.915807560137457	0.8814432989690721	0.7903780068728522	0.8333333333333334	
0.8923611111111112	0.8947368421052632	0.8595505617977528	0.8931623931623932	0.8765182186234818	0.771255060728745	0.8951890034364262	0.8780068728522337	0.8162393162393162	0.8243243243243243	0.8714080459770115	0.8787878787878788	0.8393124065769806	0.8239942528735632	0.8818770226537217	0.0	0.8694158075601375	0	0.8451730418943534	0.7753036437246964	0.875	0.7880116959064327	0.8434547908232118	0.8319838056680162	0.7733918128654971	0.845360824742268	0.8279352226720648	0.9192825112107623	0.8694158075601375	0.9065040650406504	0.9203431372549019	0.8886397608370703	0.8279352226720648	0.8522267206477733	
0.8975694444444444	0.9418859649122807	0.9222846441947565	0.905982905982906	0.8770491803278688	0.843351548269581	0.9106529209621993	0.8573883161512027	0.8888888888888888	0.8648648648648649	0.8506375227686703	0.8524590163934426	0.8843351548269581	0.8442622950819673	0.8542805100182149	0.836976320582878	0.8350515463917526	0.8451730418943534	0	0.8661202185792349	0.0	0.8947368421052632	0.8724954462659381	0.8342440801457195	0.922514619883041	0.8384879725085911	0.8661202185792349	0.924408014571949	0.8556701030927835	0.9451219512195121	0.9497549019607843	0.9043715846994536	0.8661202185792349	0.8761384335154827	
0.8263888888888888	0.9002192982456141	0.8455056179775281	0.8888888888888888	0.8492063492063492	0.6686274509803921	0.8694158075601375	0.7955326460481099	0.8247863247863247	0.8153153153153153	0.8390804597701149	0.862914862914863	0.7167414050822123	0.8010057471264368	0.8462783171521036	0.7666666666666667	0.8006872852233677	0.7753036437246964	0.8661202185792349	0	0.8267543859649122	0.7967836257309941	0.7843137254901961	0.7470588235294118	0.8084795321637427	0.8127147766323024	0.7313725490196078	0.9237668161434978	0.7852233676975945	0.8313008130081301	0.9056372549019608	0.8878923766816144	0.7313725490196078	0.8294117647058824	
0.9166666666666666	0.9320175438596491	0.9210526315789473	0.9232456140350878	0.8837719298245614	0.8179824561403509	1.0	0.8640350877192983	1.0	1.0	0.831140350877193	0.8289473684210527	0.8289473684210527	0.8355263157894737	0.8092105263157895	0.875	0.8377192982456141	0.875	0.0	0.8267543859649122	0	1.0	0.8201754385964912	0.793859649122807	1.0	0.8399122807017544	0.8179824561403509	0.9407894736842105	0.8245614035087719	1.0	0.9210526315789473	0.9232456140350878	0.8179824561403509	0.9100877192982456	
1.0	0.9941520467836257	0.8976608187134503	1.0	0.8859649122807017	0.7777777777777778	0.8298969072164949	1.0	0.7521367521367521	0.8018018018018018	0.902046783625731	0.9049707602339181	0.8903508771929824	0.8888888888888888	0.9385964912280702	0.7880116959064327	1.0	0.7880116959064327	0.8947368421052632	0.7967836257309941	1.0	0	0.8713450292397661	0.8216374269005848	0.7733918128654971	1.0	0.8318713450292398	0.9195906432748538	1.0	0.9126016260162602	0.9926900584795322	0.868421052631579	0.8318713450292398	0.8508771929824561	
0.8298611111111112	0.9111842105263158	0.901685393258427	0.8888888888888888	0.8723544973544973	0.7875816993464052	0.9312714776632303	0.788659793814433	0.8846153846153846	0.8243243243243243	0.8419540229885057	0.8665223665223665	0.8161434977578476	0.8455459770114943	0.8527508090614887	0.8431372549019608	0.8075601374570447	0.8434547908232118	0.8724954462659381	0.7843137254901961	0.8201754385964912	0.8713450292397661	0	0.8196078431372549	0.847953216374269	0.8161512027491409	0.7947712418300653	0.9252615844544095	0.7955326460481099	0.9329268292682927	0.9019607843137255	0.9125560538116592	0.7947712418300653	0.8686274509803922	
0.8263888888888888	0.9024122807017544	0.8670411985018727	0.8867521367521367	0.8756613756613757	0.7836601307189542	0.8608247422680413	0.7955326460481099	0.7905982905982906	0.8063063063063063	0.834051724137931	0.8593073593073594	0.8153961136023916	0.8103448275862069	0.8640776699029126	0.8300653594771242	0.8075601374570447	0.8319838056680162	0.8342440801457195	0.7470588235294118	0.793859649122807	0.8216374269005848	0.8196078431372549	0	0.8464912280701754	0.7835051546391752	0.7803921568627451	0.9095665171898356	0.7783505154639175	0.9085365853658537	0.9191176470588235	0.8811659192825112	0.7803921568627451	0.8777777777777778	
1.0	0.9941520467836257	0.9195906432748538	1.0	0.9210526315789473	0.77046783625731	0.8848797250859106	1.0	0.8162393162393162	0.8063063063063063	0.9312865497076024	0.9342105263157895	0.881578947368421	0.9181286549707602	0.9371345029239766	0.7733918128654971	1.0	0.7733918128654971	0.922514619883041	0.8084795321637427	1.0	0.7733918128654971	0.847953216374269	0.8464912280701754	0	1.0	0.8333333333333334	0.9517543859649122	1.0	0.8922764227642277	0.9941520467836257	0.8976608187134503	0.8333333333333334	0.8771929824561403	
0.8541666666666666	0.8642611683848798	0.8298969072164949	0.8034188034188035	0.8711340206185567	0.8109965635738832	1.0	0.8573883161512027	1.0	1.0	0.7852233676975945	0.8487972508591065	0.8367697594501718	0.8109965635738832	0.8281786941580757	0.8316151202749141	0.872852233676976	0.845360824742268	0.8384879725085911	0.8127147766323024	0.8399122807017544	1.0	0.8161512027491409	0.7835051546391752	1.0	0	0.8109965635738832	0.9175257731958762	0.8642611683848798	1.0	0.9329896907216495	0.852233676975945	0.8109965635738832	0.9020618556701031	
0.8246527777777778	0.9002192982456141	0.8764044943820225	0.8867521367521367	0.8756613756613757	0.7803921568627451	0.8900343642611683	0.7920962199312714	0.8247863247863247	0.8153153153153153	0.8347701149425287	0.862914862914863	0.8056801195814649	0.8132183908045977	0.843042071197411	0.8281045751633986	0.7903780068728522	0.8279352226720648	0.8661202185792349	0.7313725490196078	0.8179824561403509	0.8318713450292398	0.7947712418300653	0.7803921568627451	0.8333333333333334	0.8109965635738832	0	0.922272047832586	0.7491408934707904	0.8353658536585366	0.9056372549019608	0.8841554559043349	0.026143790849673203	0.8464052287581699	
0.8923611111111112	0.9254385964912281	0.9110486891385767	0.938034188034188	0.9125560538116592	0.9237668161434978	0.9192439862542955	0.8865979381443299	0.9038461538461539	0.9459459459459459	0.9252615844544095	0.92152466367713	0.9237668161434978	0.9267563527653214	0.9409385113268608	0.9125560538116592	0.9037800687285223	0.9192825112107623	0.924408014571949	0.9237668161434978	0.9407894736842105	0.9195906432748538	0.9252615844544095	0.9095665171898356	0.9517543859649122	0.9175257731958762	0.922272047832586	0	0.9398625429553265	0.9573170731707317	0.8639705882352942	0.9088191330343797	0.922272047832586	0.9073243647234679	
0.8888888888888888	0.9140893470790378	0.9054982817869416	0.9145299145299145	0.8797250859106529	0.788659793814433	1.0	0.8298969072164949	1.0	1.0	0.781786941580756	0.8298969072164949	0.8041237113402062	0.7663230240549829	0.7955326460481099	0.8625429553264605	0.8281786941580757	0.8694158075601375	0.8556701030927835	0.7852233676975945	0.8245614035087719	1.0	0.7955326460481099	0.7783505154639175	1.0	0.8642611683848798	0.7491408934707904	0.9398625429553265	0	1.0	0.9226804123711341	0.9106529209621993	0.7491408934707904	0.8986254295532646	
1.0	0.9979674796747967	0.9247967479674797	1.0	0.9105691056910569	0.8943089430894309	0.9247967479674797	1.0	0.9444444444444444	0.9144144144144144	0.9715447154471545	0.9715447154471545	0.8861788617886179	0.9532520325203252	0.9796747967479674	0.9065040650406504	1.0	0.9065040650406504	0.9451219512195121	0.8313008130081301	1.0	0.9126016260162602	0.9329268292682927	0.9085365853658537	0.8922764227642277	1.0	0.8353658536585366	0.9573170731707317	1.0	0	0.9979674796747967	0.9186991869918699	0.8353658536585366	0.8902439024390244	
0.9322916666666666	0.9240196078431373	0.9375	0.9551282051282052	0.9068627450980392	0.9129901960784313	0.9982817869415808	0.9020618556701031	1.0	1.0	0.9375	0.9252450980392157	0.9325980392156863	0.9338235294117647	0.9264705882352942	0.9203431372549019	0.915807560137457	0.9203431372549019	0.9497549019607843	0.9056372549019608	0.9210526315789473	0.9926900584795322	0.9019607843137255	0.9191176470588235	0.9941520467836257	0.9329896907216495	0.9056372549019608	0.8639705882352942	0.9226804123711341	0.9979674796747967	0	0.9191176470588235	0.9056372549019608	0.9178921568627451	
0.8854166666666666	0.9067982456140351	0.8380149812734082	0.8653846153846154	0.9028400597907325	0.8819133034379671	0.7972508591065293	0.8436426116838488	0.8482905982905983	0.8918918918918919	0.9005979073243647	0.9125560538116592	0.9080717488789237	0.9118086696562033	0.9231391585760518	0.8766816143497758	0.8814432989690721	0.8886397608370703	0.9043715846994536	0.8878923766816144	0.9232456140350878	0.868421052631579	0.9125560538116592	0.8811659192825112	0.8976608187134503	0.852233676975945	0.8841554559043349	0.9088191330343797	0.9106529209621993	0.9186991869918699	0.9191176470588235	0	0.8841554559043349	0.8938714499252616	
0.8246527777777778	0.9002192982456141	0.8764044943820225	0.8867521367521367	0.8756613756613757	0.7803921568627451	0.8900343642611683	0.7920962199312714	0.8247863247863247	0.8153153153153153	0.8347701149425287	0.862914862914863	0.8056801195814649	0.8132183908045977	0.843042071197411	0.8281045751633986	0.7903780068728522	0.8279352226720648	0.8661202185792349	0.7313725490196078	0.8179824561403509	0.8318713450292398	0.7947712418300653	0.7803921568627451	0.8333333333333334	0.8109965635738832	0.026143790849673203	0.922272047832586	0.7491408934707904	0.8353658536585366	0.9056372549019608	0.8841554559043349	0	0.8464052287581699	
0.8680555555555556	0.9221491228070176	0.8389513108614233	0.938034188034188	0.8677248677248677	0.8549019607843137	0.8986254295532646	0.8625429553264605	0.782051282051282	0.8648648648648649	0.8556034482758621	0.8556998556998557	0.875186846038864	0.8670977011494253	0.8535598705501618	0.8516339869281045	0.8333333333333334	0.8522267206477733	0.8761384335154827	0.8294117647058824	0.9100877192982456	0.8508771929824561	0.8686274509803922	0.8777777777777778	0.8771929824561403	0.9020618556701031	0.8464052287581699	0.9073243647234679	0.8986254295532646	0.8902439024390244	0.9178921568627451	0.8938714499252616	0.8464052287581699	0	
