0	0.9311594202898551	0.9583333333333334	0.9094202898550725	0.9492753623188406	0.9358974358974359	0.8478260869565217	0.8586956521739131	0.9234234234234234	0.918918918918919	0.921875	0.9492753623188406	0.9848484848484849	1.0	1.0	0.9456521739130435	0.9094202898550725	0.9144144144144144	0.9311594202898551	0.9347826086956522	0.9384057971014492	0.9492753623188406	1.0	0.9492753623188406	0.8695652173913043	0.927536231884058	0.9888888888888889	0.9615384615384616	0.9517543859649122	0.9208333333333333	0.9623655913978495	0.9456521739130435	0.927536231884058	0.9420289855072463	
0.9311594202898551	0	0.85	0.8298611111111112	0.9	0.8974358974358975	0.92	0.8366666666666667	0.9324324324324325	0.9324324324324325	0.8697916666666666	0.8766666666666667	0.9393939393939394	1.0	0.9629629629629629	0.8966666666666666	0.8766666666666667	0.8558558558558559	0.8233333333333334	0.9	0.9066666666666666	0.9433333333333334	0.9791666666666666	0.9133333333333333	0.8366666666666667	0.81	1.0	1.0	0.8640350877192983	0.9583333333333334	0.9731182795698925	0.8666666666666667	0.81	0.89	
0.9583333333333334	0.85	0	0.8333333333333334	0.8666666666666667	0.8974358974358975	0.925	0.8666666666666667	1.0	0.9916666666666667	0.9833333333333333	0.775	1.0	1.0	1.0	0.85	0.85	0.9916666666666667	0.825	0.8416666666666667	0.8166666666666667	0.9416666666666667	1.0	0.8416666666666667	0.8833333333333333	0.8833333333333333	1.0	1.0	1.0	0.9416666666666667	0.975	0.85	0.8833333333333333	0.7916666666666666	
0.9094202898550725	0.8298611111111112	0.8333333333333334	0	0.8888888888888888	0.8974358974358975	0.8819444444444444	0.8368055555555556	0.9414414414414415	0.8963963963963963	0.8697916666666666	0.8784722222222222	0.9166666666666666	1.0	0.9629629629629629	0.9131944444444444	0.90625	0.8468468468468469	0.8472222222222222	0.7534722222222222	0.8888888888888888	0.9409722222222222	0.9791666666666666	0.9027777777777778	0.8368055555555556	0.8402777777777778	1.0	1.0	0.8640350877192983	0.9125	0.9731182795698925	0.9131944444444444	0.8402777777777778	0.8159722222222222	
0.9492753623188406	0.9	0.8666666666666667	0.8888888888888888	0	0.9487179487179487	0.9422222222222222	0.92	0.9594594594594594	0.8918918918918919	0.9739583333333334	0.8958333333333334	0.9318181818181818	1.0	0.9814814814814815	0.9222222222222223	0.8828125	0.9234234234234234	0.9033333333333333	0.9010416666666666	0.9177777777777778	0.9635416666666666	0.9791666666666666	0.9155555555555556	0.9166666666666666	0.9133333333333333	1.0	1.0	0.9429824561403509	0.95	0.978494623655914	0.90625	0.9133333333333333	0.9114583333333334	
0.9358974358974359	0.8974358974358975	0.8974358974358975	0.8974358974358975	0.9487179487179487	0	0.9230769230769231	0.8333333333333334	0.9487179487179487	1.0	0.9743589743589743	0.8974358974358975	1.0	1.0	1.0	0.5	0.8333333333333334	1.0	0.8333333333333334	0.8205128205128205	0.8333333333333334	0.8461538461538461	1.0	0.8205128205128205	0.8333333333333334	0.8333333333333334	1.0	1.0	1.0	1.0	1.0	0.8333333333333334	0.8333333333333334	0.8974358974358975	
0.8478260869565217	0.92	0.925	0.8819444444444444	0.9422222222222222	0.9230769230769231	0	0.9	0.9504504504504504	0.9504504504504504	0.9166666666666666	0.9166666666666666	0.9545454545454546	1.0	1.0	0.8955555555555555	0.90625	0.9369369369369369	0.9066666666666666	0.8697916666666666	0.8866666666666667	0.9635416666666666	1.0	0.9	0.8966666666666666	0.8733333333333333	0.9611111111111111	0.9615384615384616	0.9517543859649122	0.9375	0.956989247311828	0.9036458333333334	0.8733333333333333	0.8619791666666666	
0.8586956521739131	0.8366666666666667	0.8666666666666667	0.8368055555555556	0.92	0.8333333333333334	0.9	0	0.9099099099099099	0.8918918918918919	0.8489583333333334	0.89	0.9393939393939394	1.0	0.9629629629629629	0.8833333333333333	0.8466666666666667	0.8198198198198198	0.82	0.8466666666666667	0.8666666666666667	0.9266666666666666	0.9791666666666666	0.8966666666666666	0.7833333333333333	0.8133333333333334	0.9944444444444445	1.0	0.8070175438596491	0.9166666666666666	0.967741935483871	0.8833333333333333	0.8133333333333334	0.8733333333333333	
0.9234234234234234	0.9324324324324325	1.0	0.9414414414414415	0.9594594594594594	0.9487179487179487	0.9504504504504504	0.9099099099099099	0	0.918918918918919	0.9739583333333334	0.9684684684684685	0.9393939393939394	1.0	0.9444444444444444	0.9504504504504504	0.8918918918918919	0.9099099099099099	0.9279279279279279	0.9594594594594594	0.9594594594594594	0.972972972972973	1.0	0.972972972972973	0.9009009009009009	0.9504504504504504	1.0	1.0	0.9234234234234234	0.9279279279279279	1.0	0.9684684684684685	0.9504504504504504	0.9234234234234234	
0.918918918918919	0.9324324324324325	0.9916666666666667	0.8963963963963963	0.8918918918918919	1.0	0.9504504504504504	0.8918918918918919	0.918918918918919	0	0.9739583333333334	0.8063063063063063	0.8863636363636364	1.0	0.9629629629629629	0.8423423423423423	0.8108108108108109	0.8873873873873874	0.9369369369369369	0.8468468468468469	0.8198198198198198	0.9594594594594594	0.9791666666666666	0.8558558558558559	0.8513513513513513	0.9324324324324325	1.0	1.0	0.9234234234234234	0.9099099099099099	0.8870967741935484	0.8603603603603603	0.9324324324324325	0.8468468468468469	
0.921875	0.8697916666666666	0.9833333333333333	0.8697916666666666	0.9739583333333334	0.9743589743589743	0.9166666666666666	0.8489583333333334	0.9739583333333334	0.9739583333333334	0	0.9739583333333334	0.9772727272727273	1.0	0.9629629629629629	0.96875	0.9583333333333334	0.9010416666666666	0.8645833333333334	0.96875	0.9583333333333334	0.984375	1.0	0.96875	0.7864583333333334	0.8645833333333334	0.9944444444444445	1.0	0.890625	0.9895833333333334	0.978494623655914	0.96875	0.8645833333333334	0.9739583333333334	
0.9492753623188406	0.8766666666666667	0.775	0.8784722222222222	0.8958333333333334	0.8974358974358975	0.9166666666666666	0.89	0.9684684684684685	0.8063063063063063	0.9739583333333334	0	0.8863636363636364	1.0	0.9629629629629629	0.7734375	0.8307291666666666	0.9279279279279279	0.9066666666666666	0.8177083333333334	0.8307291666666666	0.953125	0.8958333333333334	0.8463541666666666	0.9033333333333333	0.86	1.0	1.0	0.9385964912280702	0.9416666666666667	0.8655913978494624	0.8255208333333334	0.86	0.8098958333333334	
0.9848484848484849	0.9393939393939394	1.0	0.9166666666666666	0.9318181818181818	1.0	0.9545454545454546	0.9393939393939394	0.9393939393939394	0.8863636363636364	0.9772727272727273	0.8863636363636364	0	0.5517241379310345	0.9629629629629629	0.8333333333333334	0.8863636363636364	0.9393939393939394	0.9318181818181818	0.8333333333333334	0.8863636363636364	0.9772727272727273	0.9791666666666666	0.8560606060606061	0.9393939393939394	0.9393939393939394	0.9848484848484849	1.0	0.9393939393939394	0.9772727272727273	0.9090909090909091	0.8863636363636364	0.9393939393939394	0.7651515151515151	
1.0	1.0	1.0	1.0	1.0	1.0	1.0	1.0	1.0	1.0	1.0	1.0	0.5517241379310345	0	0.9655172413793104	1.0	1.0	1.0	1.0	1.0	1.0	1.0	1.0	1.0	1.0	1.0	1.0	1.0	1.0	1.0	1.0	1.0	1.0	1.0	
1.0	0.9629629629629629	1.0	0.9629629629629629	0.9814814814814815	1.0	1.0	0.9629629629629629	0.9444444444444444	0.9629629629629629	0.9629629629629629	0.9629629629629629	0.9629629629629629	0.9655172413793104	0	0.8148148148148148	0.9444444444444444	0.7777777777777778	0.9629629629629629	0.9629629629629629	0.9444444444444444	1.0	1.0	0.9629629629629629	0.9629629629629629	0.9629629629629629	1.0	1.0	0.9074074074074074	1.0	0.9629629629629629	0.9629629629629629	0.9629629629629629	0.9629629629629629	
0.9456521739130435	0.8966666666666666	0.85	0.9131944444444444	0.9222222222222223	0.5	0.8955555555555555	0.8833333333333333	0.9504504504504504	0.8423423423423423	0.96875	0.7734375	0.8333333333333334	1.0	0.8148148148148148	0	0.8151041666666666	0.9099099099099099	0.8833333333333333	0.7838541666666666	0.7888888888888889	0.9453125	0.9791666666666666	0.8266666666666667	0.8433333333333334	0.8666666666666667	0.9388888888888889	1.0	0.9385964912280702	0.925	0.8709677419354839	0.796875	0.8666666666666667	0.8307291666666666	
0.9094202898550725	0.8766666666666667	0.85	0.90625	0.8828125	0.8333333333333334	0.90625	0.8466666666666667	0.8918918918918919	0.8108108108108109	0.9583333333333334	0.8307291666666666	0.8863636363636364	1.0	0.9444444444444444	0.8151041666666666	0	0.8738738738738738	0.8766666666666667	0.8098958333333334	0.7994791666666666	0.9453125	0.9791666666666666	0.8307291666666666	0.8466666666666667	0.8666666666666667	0.9944444444444445	1.0	0.9210526315789473	0.9	0.8655913978494624	0.7838541666666666	0.8666666666666667	0.8203125	
0.9144144144144144	0.8558558558558559	0.9916666666666667	0.8468468468468469	0.9234234234234234	1.0	0.9369369369369369	0.8198198198198198	0.9099099099099099	0.8873873873873874	0.9010416666666666	0.9279279279279279	0.9393939393939394	1.0	0.7777777777777778	0.9099099099099099	0.8738738738738738	0	0.8648648648648649	0.918918918918919	0.9279279279279279	0.9594594594594594	0.9791666666666666	0.9369369369369369	0.8198198198198198	0.8603603603603603	1.0	1.0	0.8603603603603603	0.8738738738738738	0.9731182795698925	0.9324324324324325	0.8603603603603603	0.9234234234234234	
0.9311594202898551	0.8233333333333334	0.825	0.8472222222222222	0.9033333333333333	0.8333333333333334	0.9066666666666666	0.82	0.9279279279279279	0.9369369369369369	0.8645833333333334	0.9066666666666666	0.9318181818181818	1.0	0.9629629629629629	0.8833333333333333	0.8766666666666667	0.8648648648648649	0	0.88	0.8733333333333333	0.9266666666666666	0.9791666666666666	0.8866666666666667	0.8166666666666667	0.7666666666666667	0.9888888888888889	1.0	0.8508771929824561	0.95	0.9731182795698925	0.8833333333333333	0.7666666666666667	0.89	
0.9347826086956522	0.9	0.8416666666666667	0.7534722222222222	0.9010416666666666	0.8205128205128205	0.8697916666666666	0.8466666666666667	0.9594594594594594	0.8468468468468469	0.96875	0.8177083333333334	0.8333333333333334	1.0	0.9629629629629629	0.7838541666666666	0.8098958333333334	0.918918918918919	0.88	0	0.6692708333333334	0.9453125	0.9791666666666666	0.7864583333333334	0.8433333333333334	0.84	0.8666666666666667	1.0	0.9298245614035088	0.8791666666666667	0.8709677419354839	0.796875	0.84	0.7682291666666666	
0.9384057971014492	0.9066666666666666	0.8166666666666667	0.8888888888888888	0.9177777777777778	0.8333333333333334	0.8866666666666667	0.8666666666666667	0.9594594594594594	0.8198198198198198	0.9583333333333334	0.8307291666666666	0.8863636363636364	1.0	0.9444444444444444	0.7888888888888889	0.7994791666666666	0.9279279279279279	0.8733333333333333	0.6692708333333334	0	0.9453125	0.9375	0.8133333333333334	0.8066666666666666	0.87	0.9388888888888889	1.0	0.8859649122807017	0.8833333333333333	0.8602150537634409	0.8098958333333334	0.87	0.8229166666666666	
0.9492753623188406	0.9433333333333334	0.9416666666666667	0.9409722222222222	0.9635416666666666	0.8461538461538461	0.9635416666666666	0.9266666666666666	0.972972972972973	0.9594594594594594	0.984375	0.953125	0.9772727272727273	1.0	1.0	0.9453125	0.9453125	0.9594594594594594	0.9266666666666666	0.9453125	0.9453125	0	1.0	0.8932291666666666	0.9266666666666666	0.9266666666666666	1.0	1.0	0.956140350877193	0.9625	1.0	0.9453125	0.9266666666666666	0.9322916666666666	
1.0	0.9791666666666666	1.0	0.9791666666666666	0.9791666666666666	1.0	1.0	0.9791666666666666	1.0	0.9791666666666666	1.0	0.8958333333333334	0.9791666666666666	1.0	1.0	0.9791666666666666	0.9791666666666666	0.9791666666666666	0.9791666666666666	0.9791666666666666	0.9375	1.0	0	0.8958333333333334	0.9791666666666666	0.7916666666666666	1.0	1.0	0.9791666666666666	1.0	0.9791666666666666	0.9791666666666666	0.7916666666666666	0.9791666666666666	
0.9492753623188406	0.9133333333333333	0.8416666666666667	0.9027777777777778	0.9155555555555556	0.8205128205128205	0.9	0.8966666666666666	0.972972972972973	0.8558558558558559	0.96875	0.8463541666666666	0.8560606060606061	1.0	0.9629629629629629	0.8266666666666667	0.8307291666666666	0.9369369369369369	0.8866666666666667	0.7864583333333334	0.8133333333333334	0.8932291666666666	0.8958333333333334	0	0.88	0.8433333333333334	0.9888888888888889	1.0	0.9385964912280702	0.9375	0.8709677419354839	0.7265625	0.8433333333333334	0.8333333333333334	
0.8695652173913043	0.8366666666666667	0.8833333333333333	0.8368055555555556	0.9166666666666666	0.8333333333333334	0.8966666666666666	0.7833333333333333	0.9009009009009009	0.8513513513513513	0.7864583333333334	0.9033333333333333	0.9393939393939394	1.0	0.9629629629629629	0.8433333333333334	0.8466666666666667	0.8198198198198198	0.8166666666666667	0.8433333333333334	0.8066666666666666	0.9266666666666666	0.9791666666666666	0.88	0	0.8066666666666666	0.9111111111111111	1.0	0.8508771929824561	0.8958333333333334	0.9516129032258065	0.8733333333333333	0.8066666666666666	0.8966666666666666	
0.927536231884058	0.81	0.8833333333333333	0.8402777777777778	0.9133333333333333	0.8333333333333334	0.8733333333333333	0.8133333333333334	0.9504504504504504	0.9324324324324325	0.8645833333333334	0.86	0.9393939393939394	1.0	0.9629629629629629	0.8666666666666667	0.8666666666666667	0.8603603603603603	0.7666666666666667	0.84	0.87	0.9266666666666666	0.7916666666666666	0.8433333333333334	0.8066666666666666	0	0.9722222222222222	0.8461538461538461	0.8640350877192983	0.9416666666666667	0.9408602150537635	0.83	0.0	0.8766666666666667	
0.9888888888888889	1.0	1.0	1.0	1.0	1.0	0.9611111111111111	0.9944444444444445	1.0	1.0	0.9944444444444445	1.0	0.9848484848484849	1.0	1.0	0.9388888888888889	0.9944444444444445	1.0	0.9888888888888889	0.8666666666666667	0.9388888888888889	1.0	1.0	0.9888888888888889	0.9111111111111111	0.9722222222222222	0	1.0	1.0	0.9777777777777777	1.0	0.9777777777777777	0.9722222222222222	0.9888888888888889	
0.9615384615384616	1.0	1.0	1.0	1.0	1.0	0.9615384615384616	1.0	1.0	1.0	1.0	1.0	1.0	1.0	1.0	1.0	1.0	1.0	1.0	1.0	1.0	1.0	1.0	1.0	1.0	0.8461538461538461	1.0	0	1.0	1.0	1.0	1.0	0.8461538461538461	1.0	
0.9517543859649122	0.8640350877192983	1.0	0.8640350877192983	0.9429824561403509	1.0	0.9517543859649122	0.8070175438596491	0.9234234234234234	0.9234234234234234	0.890625	0.9385964912280702	0.9393939393939394	1.0	0.9074074074074074	0.9385964912280702	0.9210526315789473	0.8603603603603603	0.8508771929824561	0.9298245614035088	0.8859649122807017	0.956140350877193	0.9791666666666666	0.9385964912280702	0.8508771929824561	0.8640350877192983	1.0	1.0	0	0.956140350877193	0.9731182795698925	0.9385964912280702	0.8640350877192983	0.9035087719298246	
0.9208333333333333	0.9583333333333334	0.9416666666666667	0.9125	0.95	1.0	0.9375	0.9166666666666666	0.9279279279279279	0.9099099099099099	0.9895833333333334	0.9416666666666667	0.9772727272727273	1.0	1.0	0.925	0.9	0.8738738738738738	0.95	0.8791666666666667	0.8833333333333333	0.9625	1.0	0.9375	0.8958333333333334	0.9416666666666667	0.9777777777777777	1.0	0.956140350877193	0	0.978494623655914	0.925	0.9416666666666667	0.9333333333333333	
0.9623655913978495	0.9731182795698925	0.975	0.9731182795698925	0.978494623655914	1.0	0.956989247311828	0.967741935483871	1.0	0.8870967741935484	0.978494623655914	0.8655913978494624	0.9090909090909091	1.0	0.9629629629629629	0.8709677419354839	0.8655913978494624	0.9731182795698925	0.9731182795698925	0.8709677419354839	0.8602150537634409	1.0	0.9791666666666666	0.8709677419354839	0.9516129032258065	0.9408602150537635	1.0	1.0	0.9731182795698925	0.978494623655914	0	0.8709677419354839	0.9408602150537635	0.8494623655913979	
0.9456521739130435	0.8666666666666667	0.85	0.9131944444444444	0.90625	0.8333333333333334	0.9036458333333334	0.8833333333333333	0.9684684684684685	0.8603603603603603	0.96875	0.8255208333333334	0.8863636363636364	1.0	0.9629629629629629	0.796875	0.7838541666666666	0.9324324324324325	0.8833333333333333	0.796875	0.8098958333333334	0.9453125	0.9791666666666666	0.7265625	0.8733333333333333	0.83	0.9777777777777777	1.0	0.9385964912280702	0.925	0.8709677419354839	0	0.83	0.828125	
0.927536231884058	0.81	0.8833333333333333	0.8402777777777778	0.9133333333333333	0.8333333333333334	0.8733333333333333	0.8133333333333334	0.9504504504504504	0.9324324324324325	0.8645833333333334	0.86	0.9393939393939394	1.0	0.9629629629629629	0.8666666666666667	0.8666666666666667	0.8603603603603603	0.7666666666666667	0.84	0.87	0.9266666666666666	0.7916666666666666	0.8433333333333334	0.8066666666666666	0.0	0.9722222222222222	0.8461538461538461	0.8640350877192983	0.9416666666666667	0.9408602150537635	0.83	0	0.8766666666666667	
0.9420289855072463	0.89	0.7916666666666666	0.8159722222222222	0.9114583333333334	0.8974358974358975	0.8619791666666666	0.8733333333333333	0.9234234234234234	0.8468468468468469	0.9739583333333334	0.8098958333333334	0.7651515151515151	1.0	0.9629629629629629	0.8307291666666666	0.8203125	0.9234234234234234	0.89	0.7682291666666666	0.8229166666666666	0.9322916666666666	0.9791666666666666	0.8333333333333334	0.8966666666666666	0.8766666666666667	0.9888888888888889	1.0	0.9035087719298246	0.9333333333333333	0.8494623655913979	0.828125	0.8766666666666667	0	
