0	1.0	0.8333333333333334	0.7283950617283951	0.845679012345679	1.0	0.7777777777777778	0.7469135802469136	0.9382716049382716	0.7083333333333334	0.9074074074074074	0.6666666666666666	0.8148148148148148	0.8765432098765432	0.9382716049382716	1.0	0.8765432098765432	0.7222222222222222	0.8148148148148148	0.8765432098765432	0.9382716049382716	0.8765432098765432	0.7469135802469136	0.8765432098765432	0.845679012345679	0.7037037037037037	0.8765432098765432	0.7469135802469136	0.8765432098765432	0.9506172839506173	0.8024691358024691	0.7469135802469136	0.8765432098765432	0.8765432098765432	
1.0	0	1.0	1.0	1.0	1.0	1.0	1.0	1.0	1.0	1.0	1.0	1.0	0.8571428571428571	1.0	1.0	1.0	0.8857142857142857	1.0	1.0	1.0	1.0	1.0	1.0	0.9714285714285714	1.0	1.0	1.0	1.0	1.0	1.0	1.0	1.0	1.0	
0.8333333333333334	1.0	0	0.8177083333333334	0.8489583333333334	1.0	0.8177083333333334	0.765625	0.984375	0.9583333333333334	0.984375	0.734375	1.0	0.8229166666666666	0.984375	1.0	0.8072916666666666	0.7604166666666666	0.8697916666666666	0.8072916666666666	0.984375	0.8697916666666666	0.7135416666666666	0.8489583333333334	0.8072916666666666	0.734375	0.8489583333333334	0.734375	0.8697916666666666	0.8765432098765432	0.7760416666666666	0.7291666666666666	0.8489583333333334	0.8229166666666666	
0.7283950617283951	1.0	0.8177083333333334	0	0.8211009174311926	0.9259259259259259	0.8061224489795918	0.7608695652173914	0.9319727891156463	0.825	0.8809523809523809	0.7340425531914894	0.6666666666666666	0.8435374149659864	0.9285714285714286	1.0	0.8503401360544217	0.8015873015873016	0.8571428571428571	0.8503401360544217	0.8979591836734694	0.8775510204081632	0.7653061224489796	0.9166666666666666	0.8333333333333334	0.7653061224489796	0.8775510204081632	0.7653061224489796	0.9128787878787878	0.9753086419753086	0.8674242424242424	0.7619047619047619	0.8775510204081632	0.8775510204081632	
0.845679012345679	1.0	0.8489583333333334	0.8211009174311926	0	0.9074074074074074	0.7844036697247706	0.7660550458715596	0.926605504587156	0.8833333333333333	0.8256880733944955	0.7568807339449541	0.9074074074074074	0.6834862385321101	0.9220183486238532	0.8333333333333334	0.7247706422018348	0.7981651376146789	0.7844036697247706	0.7247706422018348	0.8990825688073395	0.8073394495412844	0.7522935779816514	0.7568807339449541	0.6055045871559633	0.7339449541284404	0.7752293577981652	0.7568807339449541	0.8302752293577982	0.8888888888888888	0.8211009174311926	0.7522935779816514	0.7752293577981652	0.7844036697247706	
1.0	1.0	1.0	0.9259259259259259	0.9074074074074074	0	0.8333333333333334	0.9259259259259259	0.8981481481481481	1.0	0.8611111111111112	0.9444444444444444	0.9814814814814815	0.8425925925925926	0.8981481481481481	1.0	0.8611111111111112	0.9907407407407407	0.9259259259259259	0.8611111111111112	0.8888888888888888	0.8888888888888888	0.8888888888888888	0.9537037037037037	0.5555555555555556	0.9259259259259259	0.8611111111111112	0.9259259259259259	0.9722222222222222	1.0	0.9722222222222222	0.9166666666666666	0.8611111111111112	0.8981481481481481	
0.7777777777777778	1.0	0.8177083333333334	0.8061224489795918	0.7844036697247706	0.8333333333333334	0	0.7644927536231884	0.9262820512820513	0.8833333333333333	0.8653846153846154	0.7730496453900709	0.9074074074074074	0.8141025641025641	0.9230769230769231	1.0	0.7948717948717948	0.7857142857142857	0.8027210884353742	0.7948717948717948	0.8846153846153846	0.8044871794871795	0.7211538461538461	0.8115942028985508	0.7692307692307693	0.7687074829931972	0.7435897435897436	0.7653061224489796	0.8143939393939394	0.8518518518518519	0.8295454545454546	0.7687074829931972	0.7435897435897436	0.8397435897435898	
0.7469135802469136	1.0	0.765625	0.7608695652173914	0.7660550458715596	0.9259259259259259	0.7644927536231884	0	0.927536231884058	0.8833333333333333	0.8731884057971014	0.7282608695652174	0.9074074074074074	0.8043478260869565	0.9239130434782609	1.0	0.8043478260869565	0.75	0.8007246376811594	0.8043478260869565	0.8913043478260869	0.822463768115942	0.7065217391304348	0.8695652173913043	0.7862318840579711	0.7101449275362319	0.822463768115942	0.7137681159420289	0.8636363636363636	0.8950617283950617	0.8181818181818182	0.7137681159420289	0.822463768115942	0.8333333333333334	
0.9382716049382716	1.0	0.984375	0.9319727891156463	0.926605504587156	0.8981481481481481	0.9262820512820513	0.927536231884058	0	0.8916666666666667	0.9198717948717948	0.9326241134751773	0.9444444444444444	0.9166666666666666	0.7051282051282052	0.9047619047619048	0.9102564102564102	0.9444444444444444	0.9319727891156463	0.9102564102564102	0.8621794871794872	0.8717948717948718	0.9262820512820513	0.9384057971014492	0.9230769230769231	0.9319727891156463	0.9198717948717948	0.9319727891156463	0.9431818181818182	1.0	0.9431818181818182	0.9319727891156463	0.9198717948717948	0.9262820512820513	
0.7083333333333334	1.0	0.9583333333333334	0.825	0.8833333333333333	1.0	0.8833333333333333	0.8833333333333333	0.8916666666666667	0	0.9	0.6583333333333333	0.7962962962962963	0.8416666666666667	0.85	1.0	0.8416666666666667	0.875	0.8833333333333333	0.8416666666666667	0.8583333333333333	0.8333333333333334	0.8833333333333333	0.8583333333333333	0.8833333333333333	0.8833333333333333	0.775	0.8833333333333333	0.8916666666666667	1.0	0.8916666666666667	0.8833333333333333	0.775	0.8916666666666667	
0.9074074074074074	1.0	0.984375	0.8809523809523809	0.8256880733944955	0.8611111111111112	0.8653846153846154	0.8731884057971014	0.9198717948717948	0.9	0	0.8900709219858156	0.9074074074074074	0.8589743589743589	0.9166666666666666	1.0	0.8846153846153846	0.8968253968253969	0.8775510204081632	0.8846153846153846	0.7211538461538461	0.8846153846153846	0.8557692307692307	0.9384057971014492	0.8525641025641025	0.8809523809523809	0.8525641025641025	0.8809523809523809	0.9356060606060606	1.0	0.9431818181818182	0.8775510204081632	0.8525641025641025	0.9102564102564102	
0.6666666666666666	1.0	0.734375	0.7340425531914894	0.7568807339449541	0.9444444444444444	0.7730496453900709	0.7282608695652174	0.9326241134751773	0.6583333333333333	0.8900709219858156	0	0.6666666666666666	0.7978723404255319	0.9290780141843972	1.0	0.8014184397163121	0.7341269841269841	0.8085106382978723	0.8014184397163121	0.9078014184397163	0.8297872340425532	0.7127659574468085	0.8586956521739131	0.7836879432624113	0.6666666666666666	0.8297872340425532	0.6879432624113475	0.8522727272727273	0.8765432098765432	0.8068181818181818	0.7127659574468085	0.8297872340425532	0.8297872340425532	
0.8148148148148148	1.0	1.0	0.6666666666666666	0.9074074074074074	0.9814814814814815	0.9074074074074074	0.9074074074074074	0.9444444444444444	0.7962962962962963	0.9074074074074074	0.6666666666666666	0	0.9074074074074074	0.9259259259259259	1.0	0.9074074074074074	0.9074074074074074	0.9074074074074074	0.9074074074074074	0.9074074074074074	0.9074074074074074	0.9074074074074074	0.9629629629629629	0.9074074074074074	0.9074074074074074	0.9074074074074074	0.9074074074074074	0.9629629629629629	1.0	0.9629629629629629	0.9074074074074074	0.9074074074074074	0.9629629629629629	
0.8765432098765432	0.8571428571428571	0.8229166666666666	0.8435374149659864	0.6834862385321101	0.8425925925925926	0.8141025641025641	0.8043478260869565	0.9166666666666666	0.8416666666666667	0.8589743589743589	0.7978723404255319	0.9074074074074074	0	0.9038461538461539	1.0	0.7051282051282052	0.8214285714285714	0.8231292517006803	0.7051282051282052	0.8653846153846154	0.7948717948717948	0.7852564102564102	0.8405797101449275	0.6891025641025641	0.7959183673469388	0.7756410256410257	0.7959183673469388	0.8522727272727273	0.8765432098765432	0.8598484848484849	0.7789115646258503	0.7756410256410257	0.75	
0.9382716049382716	1.0	0.984375	0.9285714285714286	0.9220183486238532	0.8981481481481481	0.9230769230769231	0.9239130434782609	0.7051282051282052	0.85	0.9166666666666666	0.9290780141843972	0.9259259259259259	0.9038461538461539	0	0.9047619047619048	0.8974358974358975	0.9444444444444444	0.9285714285714286	0.8974358974358975	0.842948717948718	0.8557692307692307	0.9230769230769231	0.9384057971014492	0.9166666666666666	0.9285714285714286	0.907051282051282	0.9285714285714286	0.9393939393939394	1.0	0.9431818181818182	0.9285714285714286	0.907051282051282	0.9262820512820513	
1.0	1.0	1.0	1.0	0.8333333333333334	1.0	1.0	1.0	0.9047619047619048	1.0	1.0	1.0	1.0	1.0	0.9047619047619048	0	1.0	1.0	1.0	1.0	1.0	1.0	1.0	1.0	1.0	1.0	1.0	1.0	1.0	1.0	1.0	1.0	1.0	1.0	
0.8765432098765432	1.0	0.8072916666666666	0.8503401360544217	0.7247706422018348	0.8611111111111112	0.7948717948717948	0.8043478260869565	0.9102564102564102	0.8416666666666667	0.8846153846153846	0.8014184397163121	0.9074074074074074	0.7051282051282052	0.8974358974358975	1.0	0	0.8373015873015873	0.8231292517006803	0.0	0.8653846153846154	0.7948717948717948	0.7884615384615384	0.8297101449275363	0.717948717948718	0.7959183673469388	0.7788461538461539	0.7959183673469388	0.8522727272727273	0.8765432098765432	0.8598484848484849	0.7959183673469388	0.7788461538461539	0.7596153846153846	
0.7222222222222222	0.8857142857142857	0.7604166666666666	0.8015873015873016	0.7981651376146789	0.9907407407407407	0.7857142857142857	0.75	0.9444444444444444	0.875	0.8968253968253969	0.7341269841269841	0.9074074074074074	0.8214285714285714	0.9444444444444444	1.0	0.8373015873015873	0	0.8214285714285714	0.8373015873015873	0.9365079365079365	0.8333333333333334	0.7341269841269841	0.8611111111111112	0.8134920634920635	0.7380952380952381	0.8095238095238095	0.7341269841269841	0.8452380952380952	0.8765432098765432	0.8055555555555556	0.7380952380952381	0.8095238095238095	0.8492063492063492	
0.8148148148148148	1.0	0.8697916666666666	0.8571428571428571	0.7844036697247706	0.9259259259259259	0.8027210884353742	0.8007246376811594	0.9319727891156463	0.8833333333333333	0.8775510204081632	0.8085106382978723	0.9074074074074074	0.8231292517006803	0.9285714285714286	1.0	0.8231292517006803	0.8214285714285714	0	0.8231292517006803	0.8979591836734694	0.8231292517006803	0.8027210884353742	0.8586956521739131	0.8061224489795918	0.8027210884353742	0.8231292517006803	0.8027210884353742	0.8522727272727273	0.8518518518518519	0.8484848484848485	0.8027210884353742	0.8231292517006803	0.8503401360544217	
0.8765432098765432	1.0	0.8072916666666666	0.8503401360544217	0.7247706422018348	0.8611111111111112	0.7948717948717948	0.8043478260869565	0.9102564102564102	0.8416666666666667	0.8846153846153846	0.8014184397163121	0.9074074074074074	0.7051282051282052	0.8974358974358975	1.0	0.0	0.8373015873015873	0.8231292517006803	0	0.8653846153846154	0.7948717948717948	0.7884615384615384	0.8297101449275363	0.717948717948718	0.7959183673469388	0.7788461538461539	0.7959183673469388	0.8522727272727273	0.8765432098765432	0.8598484848484849	0.7959183673469388	0.7788461538461539	0.7596153846153846	
0.9382716049382716	1.0	0.984375	0.8979591836734694	0.8990825688073395	0.8888888888888888	0.8846153846153846	0.8913043478260869	0.8621794871794872	0.8583333333333333	0.7211538461538461	0.9078014184397163	0.9074074074074074	0.8653846153846154	0.842948717948718	1.0	0.8653846153846154	0.9365079365079365	0.8979591836734694	0.8653846153846154	0	0.8397435897435898	0.8846153846153846	0.9384057971014492	0.8814102564102564	0.8979591836734694	0.8685897435897436	0.8979591836734694	0.9356060606060606	1.0	0.928030303030303	0.8979591836734694	0.8685897435897436	0.9102564102564102	
0.8765432098765432	1.0	0.8697916666666666	0.8775510204081632	0.8073394495412844	0.8888888888888888	0.8044871794871795	0.822463768115942	0.8717948717948718	0.8333333333333334	0.8846153846153846	0.8297872340425532	0.9074074074074074	0.7948717948717948	0.8557692307692307	1.0	0.7948717948717948	0.8333333333333334	0.8231292517006803	0.7948717948717948	0.8397435897435898	0	0.8141025641025641	0.8586956521739131	0.8141025641025641	0.8197278911564626	0.7980769230769231	0.8231292517006803	0.8484848484848485	0.8518518518518519	0.8522727272727273	0.8231292517006803	0.7980769230769231	0.8397435897435898	
0.7469135802469136	1.0	0.7135416666666666	0.7653061224489796	0.7522935779816514	0.8888888888888888	0.7211538461538461	0.7065217391304348	0.9262820512820513	0.8833333333333333	0.8557692307692307	0.7127659574468085	0.9074074074074074	0.7852564102564102	0.9230769230769231	1.0	0.7884615384615384	0.7341269841269841	0.8027210884353742	0.7884615384615384	0.8846153846153846	0.8141025641025641	0	0.8586956521739131	0.7692307692307693	0.7108843537414966	0.782051282051282	0.6938775510204082	0.8522727272727273	0.8765432098765432	0.803030303030303	0.6428571428571429	0.782051282051282	0.8141025641025641	
0.8765432098765432	1.0	0.8489583333333334	0.9166666666666666	0.7568807339449541	0.9537037037037037	0.8115942028985508	0.8695652173913043	0.9384057971014492	0.8583333333333333	0.9384057971014492	0.8586956521739131	0.9629629629629629	0.8405797101449275	0.9384057971014492	1.0	0.8297101449275363	0.8611111111111112	0.8586956521739131	0.8297101449275363	0.9384057971014492	0.8586956521739131	0.8586956521739131	0	0.8369565217391305	0.8586956521739131	0.7536231884057971	0.8586956521739131	0.8598484848484849	0.8765432098765432	0.8598484848484849	0.8586956521739131	0.7536231884057971	0.8442028985507246	
0.845679012345679	0.9714285714285714	0.8072916666666666	0.8333333333333334	0.6055045871559633	0.5555555555555556	0.7692307692307693	0.7862318840579711	0.9230769230769231	0.8833333333333333	0.8525641025641025	0.7836879432624113	0.9074074074074074	0.6891025641025641	0.9166666666666666	1.0	0.717948717948718	0.8134920634920635	0.8061224489795918	0.717948717948718	0.8814102564102564	0.8141025641025641	0.7692307692307693	0.8369565217391305	0	0.7755102040816326	0.7660256410256411	0.7789115646258503	0.8522727272727273	0.8765432098765432	0.8598484848484849	0.7755102040816326	0.7660256410256411	0.7916666666666666	
0.7037037037037037	1.0	0.734375	0.7653061224489796	0.7339449541284404	0.9259259259259259	0.7687074829931972	0.7101449275362319	0.9319727891156463	0.8833333333333333	0.8809523809523809	0.6666666666666666	0.9074074074074074	0.7959183673469388	0.9285714285714286	1.0	0.7959183673469388	0.7380952380952381	0.8027210884353742	0.7959183673469388	0.8979591836734694	0.8197278911564626	0.7108843537414966	0.8586956521739131	0.7755102040816326	0	0.8231292517006803	0.6768707482993197	0.8484848484848485	0.8765432098765432	0.8068181818181818	0.7074829931972789	0.8231292517006803	0.8231292517006803	
0.8765432098765432	1.0	0.8489583333333334	0.8775510204081632	0.7752293577981652	0.8611111111111112	0.7435897435897436	0.822463768115942	0.9198717948717948	0.775	0.8525641025641025	0.8297872340425532	0.9074074074074074	0.7756410256410257	0.907051282051282	1.0	0.7788461538461539	0.8095238095238095	0.8231292517006803	0.7788461538461539	0.8685897435897436	0.7980769230769231	0.782051282051282	0.7536231884057971	0.7660256410256411	0.8231292517006803	0	0.8231292517006803	0.8522727272727273	0.8765432098765432	0.8598484848484849	0.8197278911564626	0.0	0.8365384615384616	
0.7469135802469136	1.0	0.734375	0.7653061224489796	0.7568807339449541	0.9259259259259259	0.7653061224489796	0.7137681159420289	0.9319727891156463	0.8833333333333333	0.8809523809523809	0.6879432624113475	0.9074074074074074	0.7959183673469388	0.9285714285714286	1.0	0.7959183673469388	0.7341269841269841	0.8027210884353742	0.7959183673469388	0.8979591836734694	0.8231292517006803	0.6938775510204082	0.8586956521739131	0.7789115646258503	0.6768707482993197	0.8231292517006803	0	0.8522727272727273	0.8765432098765432	0.7803030303030303	0.7108843537414966	0.8231292517006803	0.8231292517006803	
0.8765432098765432	1.0	0.8697916666666666	0.9128787878787878	0.8302752293577982	0.9722222222222222	0.8143939393939394	0.8636363636363636	0.9431818181818182	0.8916666666666667	0.9356060606060606	0.8522727272727273	0.9629629629629629	0.8522727272727273	0.9393939393939394	1.0	0.8522727272727273	0.8452380952380952	0.8522727272727273	0.8522727272727273	0.9356060606060606	0.8484848484848485	0.8522727272727273	0.8598484848484849	0.8522727272727273	0.8484848484848485	0.8522727272727273	0.8522727272727273	0	0.8518518518518519	0.8484848484848485	0.8522727272727273	0.8522727272727273	0.8446969696969697	
0.9506172839506173	1.0	0.8765432098765432	0.9753086419753086	0.8888888888888888	1.0	0.8518518518518519	0.8950617283950617	1.0	1.0	1.0	0.8765432098765432	1.0	0.8765432098765432	1.0	1.0	0.8765432098765432	0.8765432098765432	0.8518518518518519	0.8765432098765432	1.0	0.8518518518518519	0.8765432098765432	0.8765432098765432	0.8765432098765432	0.8765432098765432	0.8765432098765432	0.8765432098765432	0.8518518518518519	0	0.8765432098765432	0.8765432098765432	0.8765432098765432	0.8765432098765432	
0.8024691358024691	1.0	0.7760416666666666	0.8674242424242424	0.8211009174311926	0.9722222222222222	0.8295454545454546	0.8181818181818182	0.9431818181818182	0.8916666666666667	0.9431818181818182	0.8068181818181818	0.9629629629629629	0.8598484848484849	0.9431818181818182	1.0	0.8598484848484849	0.8055555555555556	0.8484848484848485	0.8598484848484849	0.928030303030303	0.8522727272727273	0.803030303030303	0.8598484848484849	0.8598484848484849	0.8068181818181818	0.8598484848484849	0.7803030303030303	0.8484848484848485	0.8765432098765432	0	0.8068181818181818	0.8598484848484849	0.8598484848484849	
0.7469135802469136	1.0	0.7291666666666666	0.7619047619047619	0.7522935779816514	0.9166666666666666	0.7687074829931972	0.7137681159420289	0.9319727891156463	0.8833333333333333	0.8775510204081632	0.7127659574468085	0.9074074074074074	0.7789115646258503	0.9285714285714286	1.0	0.7959183673469388	0.7380952380952381	0.8027210884353742	0.7959183673469388	0.8979591836734694	0.8231292517006803	0.6428571428571429	0.8586956521739131	0.7755102040816326	0.7074829931972789	0.8197278911564626	0.7108843537414966	0.8522727272727273	0.8765432098765432	0.8068181818181818	0	0.8197278911564626	0.8231292517006803	
0.8765432098765432	1.0	0.8489583333333334	0.8775510204081632	0.7752293577981652	0.8611111111111112	0.7435897435897436	0.822463768115942	0.9198717948717948	0.775	0.8525641025641025	0.8297872340425532	0.9074074074074074	0.7756410256410257	0.907051282051282	1.0	0.7788461538461539	0.8095238095238095	0.8231292517006803	0.7788461538461539	0.8685897435897436	0.7980769230769231	0.782051282051282	0.7536231884057971	0.7660256410256411	0.8231292517006803	0.0	0.8231292517006803	0.8522727272727273	0.8765432098765432	0.8598484848484849	0.8197278911564626	0	0.8365384615384616	
0.8765432098765432	1.0	0.8229166666666666	0.8775510204081632	0.7844036697247706	0.8981481481481481	0.8397435897435898	0.8333333333333334	0.9262820512820513	0.8916666666666667	0.9102564102564102	0.8297872340425532	0.9629629629629629	0.75	0.9262820512820513	1.0	0.7596153846153846	0.8492063492063492	0.8503401360544217	0.7596153846153846	0.9102564102564102	0.8397435897435898	0.8141025641025641	0.8442028985507246	0.7916666666666666	0.8231292517006803	0.8365384615384616	0.8231292517006803	0.8446969696969697	0.8765432098765432	0.8598484848484849	0.8231292517006803	0.8365384615384616	0	
