0	0.8055555555555556	0.7962962962962963	0.8518518518518519	0.8552631578947368	0.8796296296296297	0.9660493827160493	0.765625	0.9629629629629629	0.7888888888888889	0.9691358024691358	0.8	0.7982456140350878	0.904320987654321	0.8	0.9117647058823529	0.9583333333333334	0.9660493827160493	0.8333333333333334	0.9660493827160493	0.9586206896551724	0.9598765432098766	0.9133333333333333	0.9660493827160493	0.9433962264150944	0.8024691358024691	0.9504504504504504	0.8950617283950617	0.9166666666666666	0.9012345679012346	0.8632478632478633	0.8549382716049383	0.9629629629629629	0.9567901234567902	
0.8055555555555556	0	0.8393939393939394	0.6757575757575758	0.7368421052631579	0.8636363636363636	0.9333333333333333	0.7447916666666666	0.9636363636363636	0.6388888888888888	0.9636363636363636	0.6458333333333334	0.5964912280701754	0.8909090909090909	0.6458333333333334	0.9019607843137255	0.9545454545454546	0.9424242424242424	0.825	0.9424242424242424	0.9586206896551724	0.9515151515151515	0.8733333333333333	0.9636363636363636	0.9371069182389937	0.693939393939394	0.9144144144144144	0.9	0.8796296296296297	0.9030303030303031	0.8547008547008547	0.7696969696969697	0.9393939393939394	0.9424242424242424	
0.7962962962962963	0.8393939393939394	0	0.8545454545454545	0.7982456140350878	0.9	0.9636363636363636	0.84375	0.9606060606060606	0.8722222222222222	0.9666666666666667	0.8625	0.8596491228070176	0.9030303030303031	0.8625	0.9019607843137255	0.9583333333333334	0.9606060606060606	0.8458333333333333	0.9606060606060606	0.9551724137931035	0.9606060606060606	0.9	0.9636363636363636	0.949685534591195	0.7666666666666667	0.9504504504504504	0.9	0.9012345679012346	0.9030303030303031	0.8333333333333334	0.8515151515151516	0.9606060606060606	0.9636363636363636	
0.8518518518518519	0.6757575757575758	0.8545454545454545	0	0.6578947368421053	0.9	0.9636363636363636	0.8541666666666666	0.9636363636363636	0.6888888888888889	0.9606060606060606	0.625	0.5964912280701754	0.9030303030303031	0.625	0.9019607843137255	0.9583333333333334	0.9636363636363636	0.8458333333333333	0.9636363636363636	0.9586206896551724	0.9303030303030303	0.9233333333333333	0.9606060606060606	0.9622641509433962	0.7	0.9504504504504504	0.8757575757575757	0.8981481481481481	0.9030303030303031	0.8589743589743589	0.7212121212121212	0.9636363636363636	0.9454545454545454	
0.8552631578947368	0.7368421052631579	0.7982456140350878	0.6578947368421053	0	0.868421052631579	0.9956140350877193	0.9166666666666666	0.9912280701754386	0.9277777777777778	1.0	0.8991228070175439	0.9298245614035088	0.9342105263157895	0.8991228070175439	1.0	0.9912280701754386	0.9956140350877193	0.9122807017543859	0.9956140350877193	0.9956140350877193	0.9912280701754386	0.8070175438596491	0.9956140350877193	0.9605263157894737	0.5789473684210527	1.0	0.9342105263157895	0.868421052631579	0.9254385964912281	0.8464912280701754	0.7894736842105263	0.9956140350877193	0.9912280701754386	
0.8796296296296297	0.8636363636363636	0.9	0.9	0.868421052631579	0	0.8878787878787879	0.8229166666666666	0.8515151515151516	0.8277777777777777	0.9363636363636364	0.8333333333333334	0.8245614035087719	0.8181818181818182	0.8333333333333334	0.7843137254901961	0.8939393939393939	0.8545454545454545	0.8166666666666667	0.8545454545454545	0.8758620689655172	0.8424242424242424	0.96	0.9	0.7169811320754716	0.806060606060606	0.9009009009009009	0.9030303030303031	0.9660493827160493	0.8878787878787879	0.9316239316239316	0.9	0.8787878787878788	0.8484848484848485	
0.9660493827160493	0.9333333333333333	0.9636363636363636	0.9636363636363636	0.9956140350877193	0.8878787878787879	0	0.9427083333333334	0.7303030303030303	0.9388888888888889	0.8636363636363636	0.95	0.9035087719298246	0.593939393939394	0.95	0.7156862745098039	0.7916666666666666	0.5818181818181818	0.925	0.5818181818181818	0.7689655172413793	0.7666666666666667	0.95	0.9	0.8207547169811321	0.9636363636363636	0.7567567567567568	0.9606060606060606	0.9907407407407407	0.9242424242424242	0.9914529914529915	0.9636363636363636	0.7696969696969697	0.8	
0.765625	0.7447916666666666	0.84375	0.8541666666666666	0.9166666666666666	0.8229166666666666	0.9427083333333334	0	0.9427083333333334	0.6833333333333333	0.9427083333333334	0.6927083333333334	0.7192982456140351	0.8697916666666666	0.6927083333333334	0.9019607843137255	0.9479166666666666	0.9427083333333334	0.8489583333333334	0.9427083333333334	0.9427083333333334	0.9427083333333334	0.8697916666666666	0.9427083333333334	0.9010416666666666	0.7083333333333334	0.9375	0.8697916666666666	0.9270833333333334	0.8697916666666666	0.9166666666666666	0.8697916666666666	0.9375	0.921875	
0.9629629629629629	0.9636363636363636	0.9606060606060606	0.9636363636363636	0.9912280701754386	0.8515151515151516	0.7303030303030303	0.9427083333333334	0	0.9388888888888889	0.7636363636363637	0.95	0.9035087719298246	0.7636363636363637	0.95	0.5294117647058824	0.7234848484848485	0.6303030303030303	0.9083333333333333	0.6303030303030303	0.6068965517241379	0.5818181818181818	0.96	0.8696969696969697	0.8018867924528302	0.9606060606060606	0.8198198198198198	0.9636363636363636	0.9907407407407407	0.9484848484848485	0.9957264957264957	0.9636363636363636	0.793939393939394	0.8363636363636363	
0.7888888888888889	0.6388888888888888	0.8722222222222222	0.6888888888888889	0.9277777777777778	0.8277777777777777	0.9388888888888889	0.6833333333333333	0.9388888888888889	0	0.9388888888888889	0.0	0.5789473684210527	0.8722222222222222	0.0	0.9019607843137255	0.9444444444444444	0.9388888888888889	0.8388888888888889	0.9388888888888889	0.9388888888888889	0.9388888888888889	0.8611111111111112	0.9388888888888889	0.8944444444444445	0.6555555555555556	0.9333333333333333	0.8666666666666667	0.9888888888888889	0.8722222222222222	0.9611111111111111	0.6722222222222223	0.9333333333333333	0.9055555555555556	
0.9691358024691358	0.9636363636363636	0.9666666666666667	0.9606060606060606	1.0	0.9363636363636364	0.8636363636363636	0.9427083333333334	0.7636363636363637	0.9388888888888889	0	0.9541666666666667	0.9035087719298246	0.8636363636363636	0.9541666666666667	0.7254901960784313	0.7272727272727273	0.803030303030303	0.9125	0.803030303030303	0.6310344827586207	0.8181818181818182	0.9766666666666667	0.9484848484848485	0.8805031446540881	0.9666666666666667	0.8648648648648649	0.9666666666666667	0.9938271604938271	0.9606060606060606	1.0	0.9666666666666667	0.906060606060606	0.8848484848484849	
0.8	0.6458333333333334	0.8625	0.625	0.8991228070175439	0.8333333333333334	0.95	0.6927083333333334	0.95	0.0	0.9541666666666667	0	0.5789473684210527	0.8666666666666667	0.0	0.9019607843137255	0.9541666666666667	0.95	0.8375	0.95	0.95	0.95	0.8875	0.95	0.9166666666666666	0.7	0.9459459459459459	0.8625	0.95	0.8666666666666667	0.9230769230769231	0.7125	0.9458333333333333	0.925	
0.7982456140350878	0.5964912280701754	0.8596491228070176	0.5964912280701754	0.9298245614035088	0.8245614035087719	0.9035087719298246	0.7192982456140351	0.9035087719298246	0.5789473684210527	0.9035087719298246	0.5789473684210527	0	0.8947368421052632	0.5789473684210527	0.9019607843137255	0.9122807017543859	0.9035087719298246	0.8245614035087719	0.9035087719298246	0.9035087719298246	0.9035087719298246	0.9649122807017544	0.9035087719298246	0.8333333333333334	0.7192982456140351	0.8947368421052632	0.8947368421052632	0.9824561403508771	0.8947368421052632	1.0	0.7017543859649122	0.8947368421052632	0.8070175438596491	
0.904320987654321	0.8909090909090909	0.9030303030303031	0.9030303030303031	0.9342105263157895	0.8181818181818182	0.593939393939394	0.8697916666666666	0.7636363636363637	0.8722222222222222	0.8636363636363636	0.8666666666666667	0.8947368421052632	0	0.8666666666666667	0.6862745098039216	0.8371212121212122	0.5212121212121212	0.8416666666666667	0.5212121212121212	0.7517241379310344	0.8181818181818182	0.9766666666666667	0.9	0.89937106918239	0.9030303030303031	0.9099099099099099	0.9	0.9660493827160493	0.8636363636363636	0.9273504273504274	0.9030303030303031	0.8666666666666667	0.8515151515151516	
0.8	0.6458333333333334	0.8625	0.625	0.8991228070175439	0.8333333333333334	0.95	0.6927083333333334	0.95	0.0	0.9541666666666667	0.0	0.5789473684210527	0.8666666666666667	0	0.9019607843137255	0.9541666666666667	0.95	0.8375	0.95	0.95	0.95	0.8875	0.95	0.9166666666666666	0.7	0.9459459459459459	0.8625	0.95	0.8666666666666667	0.9230769230769231	0.7125	0.9458333333333333	0.925	
0.9117647058823529	0.9019607843137255	0.9019607843137255	0.9019607843137255	1.0	0.7843137254901961	0.7156862745098039	0.9019607843137255	0.5294117647058824	0.9019607843137255	0.7254901960784313	0.9019607843137255	0.9019607843137255	0.6862745098039216	0.9019607843137255	0	0.7058823529411765	0.6568627450980392	0.8725490196078431	0.6568627450980392	0.6372549019607843	0.6470588235294118	0.9705882352941176	0.8333333333333334	0.7843137254901961	0.8333333333333334	0.8725490196078431	0.9019607843137255	0.9803921568627451	0.9019607843137255	1.0	0.9019607843137255	0.8725490196078431	0.9019607843137255	
0.9583333333333334	0.9545454545454546	0.9583333333333334	0.9583333333333334	0.9912280701754386	0.8939393939393939	0.7916666666666666	0.9479166666666666	0.7234848484848485	0.9444444444444444	0.7272727272727273	0.9541666666666667	0.9122807017543859	0.8371212121212122	0.9541666666666667	0.7058823529411765	0	0.7462121212121212	0.7791666666666667	0.7462121212121212	0.6553030303030303	0.7386363636363636	0.9166666666666666	0.9242424242424242	0.8068181818181818	0.9545454545454546	0.8423423423423423	0.9583333333333334	0.9886363636363636	0.9583333333333334	0.9957264957264957	0.9583333333333334	0.8333333333333334	0.8560606060606061	
0.9660493827160493	0.9424242424242424	0.9606060606060606	0.9636363636363636	0.9956140350877193	0.8545454545454545	0.5818181818181818	0.9427083333333334	0.6303030303030303	0.9388888888888889	0.803030303030303	0.95	0.9035087719298246	0.5212121212121212	0.95	0.6568627450980392	0.7462121212121212	0	0.9208333333333333	0.0	0.6241379310344828	0.7303030303030303	0.95	0.9	0.8113207547169812	0.9636363636363636	0.7657657657657657	0.9636363636363636	0.9907407407407407	0.9484848484848485	0.9957264957264957	0.9636363636363636	0.7484848484848485	0.8272727272727273	
0.8333333333333334	0.825	0.8458333333333333	0.8458333333333333	0.9122807017543859	0.8166666666666667	0.925	0.8489583333333334	0.9083333333333333	0.8388888888888889	0.9125	0.8375	0.8245614035087719	0.8416666666666667	0.8375	0.8725490196078431	0.7791666666666667	0.9208333333333333	0	0.9208333333333333	0.9083333333333333	0.8208333333333333	0.9041666666666667	0.9458333333333333	0.9125	0.8333333333333334	0.8693693693693694	0.8666666666666667	0.95	0.8666666666666667	0.9273504273504274	0.8625	0.875	0.9041666666666667	
0.9660493827160493	0.9424242424242424	0.9606060606060606	0.9636363636363636	0.9956140350877193	0.8545454545454545	0.5818181818181818	0.9427083333333334	0.6303030303030303	0.9388888888888889	0.803030303030303	0.95	0.9035087719298246	0.5212121212121212	0.95	0.6568627450980392	0.7462121212121212	0.0	0.9208333333333333	0	0.6241379310344828	0.7303030303030303	0.95	0.9	0.8113207547169812	0.9636363636363636	0.7657657657657657	0.9636363636363636	0.9907407407407407	0.9484848484848485	0.9957264957264957	0.9636363636363636	0.7484848484848485	0.8272727272727273	
0.9586206896551724	0.9586206896551724	0.9551724137931035	0.9586206896551724	0.9956140350877193	0.8758620689655172	0.7689655172413793	0.9427083333333334	0.6068965517241379	0.9388888888888889	0.6310344827586207	0.95	0.9035087719298246	0.7517241379310344	0.95	0.6372549019607843	0.6553030303030303	0.6241379310344828	0.9083333333333333	0.6241379310344828	0	0.7068965517241379	0.9586206896551724	0.8862068965517241	0.8275862068965517	0.9586206896551724	0.8513513513513513	0.9586206896551724	0.9896551724137931	0.9586206896551724	0.9957264957264957	0.9586206896551724	0.7620689655172413	0.8206896551724138	
0.9598765432098766	0.9515151515151515	0.9606060606060606	0.9303030303030303	0.9912280701754386	0.8424242424242424	0.7666666666666667	0.9427083333333334	0.5818181818181818	0.9388888888888889	0.8181818181818182	0.95	0.9035087719298246	0.8181818181818182	0.95	0.6470588235294118	0.7386363636363636	0.7303030303030303	0.8208333333333333	0.7303030303030303	0.7068965517241379	0	0.9566666666666667	0.8696969696969697	0.7861635220125787	0.9575757575757575	0.8513513513513513	0.9636363636363636	0.9907407407407407	0.9484848484848485	0.9957264957264957	0.9636363636363636	0.8424242424242424	0.8333333333333334	
0.9133333333333333	0.8733333333333333	0.9	0.9233333333333333	0.8070175438596491	0.96	0.95	0.8697916666666666	0.96	0.8611111111111112	0.9766666666666667	0.8875	0.9649122807017544	0.9766666666666667	0.8875	0.9705882352941176	0.9166666666666666	0.95	0.9041666666666667	0.95	0.9586206896551724	0.9566666666666667	0	0.99	0.9366666666666666	0.8	0.9234234234234234	0.9966666666666667	0.9066666666666666	0.9966666666666667	0.9230769230769231	0.94	0.9366666666666666	0.9233333333333333	
0.9660493827160493	0.9636363636363636	0.9636363636363636	0.9606060606060606	0.9956140350877193	0.9	0.9	0.9427083333333334	0.8696969696969697	0.9388888888888889	0.9484848484848485	0.95	0.9035087719298246	0.9	0.95	0.8333333333333334	0.9242424242424242	0.9	0.9458333333333333	0.9	0.8862068965517241	0.8696969696969697	0.99	0	0.9056603773584906	0.9606060606060606	0.9234234234234234	0.9636363636363636	0.9907407407407407	0.9606060606060606	0.9957264957264957	0.9636363636363636	0.896969696969697	0.9121212121212121	
0.9433962264150944	0.9371069182389937	0.949685534591195	0.9622641509433962	0.9605263157894737	0.7169811320754716	0.8207547169811321	0.9010416666666666	0.8018867924528302	0.8944444444444445	0.8805031446540881	0.9166666666666666	0.8333333333333334	0.89937106918239	0.9166666666666666	0.7843137254901961	0.8068181818181818	0.8113207547169812	0.9125	0.8113207547169812	0.8275862068965517	0.7861635220125787	0.9366666666666666	0.9056603773584906	0	0.839622641509434	0.8153153153153153	0.9622641509433962	0.9905660377358491	0.9528301886792453	0.9957264957264957	0.9371069182389937	0.8176100628930818	0.8301886792452831	
0.8024691358024691	0.693939393939394	0.7666666666666667	0.7	0.5789473684210527	0.806060606060606	0.9636363636363636	0.7083333333333334	0.9606060606060606	0.6555555555555556	0.9666666666666667	0.7	0.7192982456140351	0.9030303030303031	0.7	0.8333333333333334	0.9545454545454546	0.9636363636363636	0.8333333333333334	0.9636363636363636	0.9586206896551724	0.9575757575757575	0.8	0.9606060606060606	0.839622641509434	0	0.9459459459459459	0.9	0.9012345679012346	0.9030303030303031	0.8247863247863247	0.7303030303030303	0.9606060606060606	0.9545454545454546	
0.9504504504504504	0.9144144144144144	0.9504504504504504	0.9504504504504504	1.0	0.9009009009009009	0.7567567567567568	0.9375	0.8198198198198198	0.9333333333333333	0.8648648648648649	0.9459459459459459	0.8947368421052632	0.9099099099099099	0.9459459459459459	0.8725490196078431	0.8423423423423423	0.7657657657657657	0.8693693693693694	0.7657657657657657	0.8513513513513513	0.8513513513513513	0.9234234234234234	0.9234234234234234	0.8153153153153153	0.9459459459459459	0	0.9504504504504504	0.990990990990991	0.9504504504504504	1.0	0.9504504504504504	0.0	0.8603603603603603	
0.8950617283950617	0.9	0.9	0.8757575757575757	0.9342105263157895	0.9030303030303031	0.9606060606060606	0.8697916666666666	0.9636363636363636	0.8666666666666667	0.9666666666666667	0.8625	0.8947368421052632	0.9	0.8625	0.9019607843137255	0.9583333333333334	0.9636363636363636	0.8666666666666667	0.9636363636363636	0.9586206896551724	0.9636363636363636	0.9966666666666667	0.9636363636363636	0.9622641509433962	0.9	0.9504504504504504	0	0.9660493827160493	0.8484848484848485	0.9316239316239316	0.9	0.9636363636363636	0.9606060606060606	
0.9166666666666666	0.8796296296296297	0.9012345679012346	0.8981481481481481	0.868421052631579	0.9660493827160493	0.9907407407407407	0.9270833333333334	0.9907407407407407	0.9888888888888889	0.9938271604938271	0.95	0.9824561403508771	0.9660493827160493	0.95	0.9803921568627451	0.9886363636363636	0.9907407407407407	0.95	0.9907407407407407	0.9896551724137931	0.9907407407407407	0.9066666666666666	0.9907407407407407	0.9905660377358491	0.9012345679012346	0.990990990990991	0.9660493827160493	0	0.9660493827160493	0.8931623931623932	0.9074074074074074	0.9907407407407407	0.9907407407407407	
0.9012345679012346	0.9030303030303031	0.9030303030303031	0.9030303030303031	0.9254385964912281	0.8878787878787879	0.9242424242424242	0.8697916666666666	0.9484848484848485	0.8722222222222222	0.9606060606060606	0.8666666666666667	0.8947368421052632	0.8636363636363636	0.8666666666666667	0.9019607843137255	0.9583333333333334	0.9484848484848485	0.8666666666666667	0.9484848484848485	0.9586206896551724	0.9484848484848485	0.9966666666666667	0.9606060606060606	0.9528301886792453	0.9030303030303031	0.9504504504504504	0.8484848484848485	0.9660493827160493	0	0.9316239316239316	0.8636363636363636	0.9636363636363636	0.9242424242424242	
0.8632478632478633	0.8547008547008547	0.8333333333333334	0.8589743589743589	0.8464912280701754	0.9316239316239316	0.9914529914529915	0.9166666666666666	0.9957264957264957	0.9611111111111111	1.0	0.9230769230769231	1.0	0.9273504273504274	0.9230769230769231	1.0	0.9957264957264957	0.9957264957264957	0.9273504273504274	0.9957264957264957	0.9957264957264957	0.9957264957264957	0.9230769230769231	0.9957264957264957	0.9957264957264957	0.8247863247863247	1.0	0.9316239316239316	0.8931623931623932	0.9316239316239316	0	0.8632478632478633	0.9957264957264957	0.9957264957264957	
0.8549382716049383	0.7696969696969697	0.8515151515151516	0.7212121212121212	0.7894736842105263	0.9	0.9636363636363636	0.8697916666666666	0.9636363636363636	0.6722222222222223	0.9666666666666667	0.7125	0.7017543859649122	0.9030303030303031	0.7125	0.9019607843137255	0.9583333333333334	0.9636363636363636	0.8625	0.9636363636363636	0.9586206896551724	0.9636363636363636	0.94	0.9636363636363636	0.9371069182389937	0.7303030303030303	0.9504504504504504	0.9	0.9074074074074074	0.8636363636363636	0.8632478632478633	0	0.9636363636363636	0.9636363636363636	
0.9629629629629629	0.9393939393939394	0.9606060606060606	0.9636363636363636	0.9956140350877193	0.8787878787878788	0.7696969696969697	0.9375	0.793939393939394	0.9333333333333333	0.906060606060606	0.9458333333333333	0.8947368421052632	0.8666666666666667	0.9458333333333333	0.8725490196078431	0.8333333333333334	0.7484848484848485	0.875	0.7484848484848485	0.7620689655172413	0.8424242424242424	0.9366666666666666	0.896969696969697	0.8176100628930818	0.9606060606060606	0.0	0.9636363636363636	0.9907407407407407	0.9636363636363636	0.9957264957264957	0.9636363636363636	0	0.8515151515151516	
0.9567901234567902	0.9424242424242424	0.9636363636363636	0.9454545454545454	0.9912280701754386	0.8484848484848485	0.8	0.921875	0.8363636363636363	0.9055555555555556	0.8848484848484849	0.925	0.8070175438596491	0.8515151515151516	0.925	0.9019607843137255	0.8560606060606061	0.8272727272727273	0.9041666666666667	0.8272727272727273	0.8206896551724138	0.8333333333333334	0.9233333333333333	0.9121212121212121	0.8301886792452831	0.9545454545454546	0.8603603603603603	0.9606060606060606	0.9907407407407407	0.9242424242424242	0.9957264957264957	0.9636363636363636	0.8515151515151516	0	
