1	1	254
1	2	30
2	1	162
2	2	76
3	1	213
4	1	425
4	2	160
4	3	50
5	1	537
5	2	33
6	1	41
6	2	36
7	1	628
7	2	413
7	3	6
8	1	407
8	2	225
8	3	164
9	1	27
10	1	203
11	1	98
11	2	6
12	1	1191
12	2	885
12	3	56
12	4	82
12	5	39
12	6	9
12	7	24
12	8	18
12	9	5
13	1	1059
13	2	353
13	3	94
13	4	14
13	5	5
13	6	55
15	1	365
15	2	222
15	3	7
15	4	14
16	1	102
16	2	23
17	1	69
18	1	223
18	2	213
18	3	48
19	1	357
19	2	314
20	1	67
20	2	23
21	1	322
21	2	303
21	3	11
22	1	423
22	2	312
22	3	115
22	4	29
22	5	46
22	6	50
22	7	7
22	8	18
22	9	9
22	10	9
22	11	7
22	12	8
23	1	101
23	2	117
24	1	214
24	2	8
25	1	216
25	2	301
26	1	220
26	2	88
27	1	96
28	1	583
28	2	151
28	3	50
29	1	66
30	1	115
30	2	123
30	3	82
30	4	73
30	5	43
30	6	31
30	7	16
30	8	11
31	1	99
31	2	68
31	3	35
32	1	501
32	2	152
33	1	63
33	2	63
33	3	14
34	1	57
34	2	135
34	3	30
35	1	413
35	2	274
35	3	39
36	1	317
37	1	134
37	2	229
37	3	38
37	4	36
38	1	973
38	2	211
38	3	68
39	1	85
39	2	83
40	1	754
40	2	548
40	3	305
40	4	179
41	1	195
42	1	536
42	2	529
42	3	343
42	4	79
42	5	29
42	6	71
42	7	11
43	1	319
44	1	329
44	2	70
44	3	71
45	1	233
45	2	75
46	1	1410
46	2	329
46	3	50
46	4	20
47	1	595
47	2	391
47	3	156
47	4	14
47	5	22
48	1	145
48	2	187
48	3	3
48	4	9
49	1	358
49	2	285
49	3	4
50	1	309
50	2	142
51	1	360
51	2	83
51	3	89
51	4	15
52	1	285
52	2	185
52	3	16
52	4	8
53	1	412
53	2	297
54	1	559
54	2	147
55	1	104
56	1	1
57	1	1230
57	2	710
57	3	83
57	4	20
57	5	34
58	1	81
58	2	60
59	1	429
59	2	168
59	3	91
60	1	758
60	2	313
60	3	198
60	4	50
61	1	494
61	2	381
62	1	60
62	2	69
62	3	34
62	4	9
63	1	28
63	2	57
63	3	10
63	4	17
64	1	1834
64	2	614
64	3	85
64	4	84
65	1	550
65	2	176
65	3	60
66	1	164
66	2	46
68	1	861
68	2	590
68	3	341
68	4	266
68	5	37
68	6	49
69	1	365
69	2	166
70	1	199
70	2	104
71	1	630
72	1	400
72	2	206
72	3	88
73	1	297
73	2	355
73	3	116
74	1	466
74	2	110
74	3	153
74	4	185
74	5	24
74	6	77
74	7	13
75	1	379
75	2	49
76	1	372
76	2	318
76	3	165
76	4	191
76	5	30
77	1	25
77	2	76
78	1	551
78	2	225
78	3	89
79	1	58
79	2	12
80	1	136
80	2	32
80	3	65
80	4	16
81	1	773
81	2	170
81	3	67
82	1	13
82	2	17
83	1	217
84	1	160
84	2	26
84	3	20
85	1	18
85	2	255
85	3	240
86	1	227
86	2	118
86	3	25
87	1	441
87	2	228
87	3	64
88	1	117
89	1	40
89	2	51
90	1	323
90	2	166
90	3	188
90	4	53
91	1	103
91	2	64
91	3	30
92	1	1258
92	2	332
92	3	198
92	4	266
92	5	116
92	6	21
93	1	316
93	2	126
94	1	533
94	2	433
94	3	13
95	1	204
95	2	97
96	1	79
96	2	341
96	3	7
97	1	60
97	2	131
97	3	78
98	1	376
98	2	254
98	3	38
99	1	308
99	2	279
99	3	155
101	1	330
101	2	257
102	1	965
102	2	613
102	3	55
103	1	289
103	2	55
103	3	44
103	4	21
104	1	94
104	2	179
105	1	48
105	2	98
105	3	80
106	1	61
107	1	409
107	2	74
108	1	123
108	2	88
108	3	9
109	1	238
109	2	280
109	3	131
109	4	78
110	1	19
110	2	54
111	1	831
111	2	57
112	1	290
112	2	148
112	3	21
112	4	29
113	1	627
113	2	726
113	3	129
114	1	477
114	2	128
114	3	210
115	1	606
115	2	48
115	3	10
116	1	219
116	2	238
116	3	165
117	1	688
117	2	110
117	3	30
117	4	4
118	1	183
118	2	40
119	1	38
119	2	59
120	1	118
120	2	62
121	1	15
122	1	264
122	2	143
122	3	53
123	1	4
123	2	15
124	1	472
124	2	155
124	3	15
125	1	119
126	1	338
126	2	155
126	3	7
127	1	239
128	1	138
128	2	101
128	3	97
128	4	94
129	1	480
130	1	787
130	2	550
130	3	336
130	4	400
130	5	299
130	6	112
131	1	213
132	1	6
132	2	14
133	1	656
133	2	318
134	1	254
134	2	38
135	1	122
135	2	61
136	1	162
137	1	344
137	2	118
139	1	1271
139	2	306
140	1	304
140	2	204
141	1	392
141	2	39
142	1	78
142	2	44
143	1	59
143	2	35
144	1	106
144	2	76
144	3	51
144	4	30
145	1	379
145	2	101
146	1	256
146	2	161
146	3	41
146	4	49
146	5	18
147	1	93
147	2	69
147	3	19
148	1	11
149	1	19
149	2	40
150	1	221
150	2	31
151	1	123
151	2	48
151	3	44
152	1	232
152	2	109
153	1	171
153	2	135
153	3	49
154	1	119
154	2	40
154	3	124
154	4	109
155	1	159
155	2	147
156	1	403
156	2	327
157	1	249
157	2	123
157	3	32
157	4	12
158	1	10
158	2	16
159	1	678
159	2	511
159	3	6
160	1	268
160	2	54
160	3	35
160	4	19
161	1	64
161	2	94
162	1	283
162	2	86
163	1	168
163	2	112
163	3	157
164	1	27
165	1	7
165	2	3
166	1	477
166	2	216
166	3	7
167	1	59
167	2	41
168	1	578
168	2	55
169	1	349
169	2	242
169	3	65
170	1	192
170	2	163
170	3	118
170	4	30
171	1	48
171	2	48
172	1	166
172	2	38
173	1	992
173	2	1006
173	3	352
174	1	1194
174	2	841
174	3	314
174	4	199
174	5	167
175	1	212
176	1	499
176	2	11
177	1	455
177	2	122
178	1	103
178	2	50
178	3	11
178	4	7
179	1	35
179	2	49
180	1	165
181	1	199
181	2	41
182	1	83
182	2	16
183	1	671
183	2	282
183	3	173
183	4	98
184	1	330
184	2	452
184	3	319
184	4	20
185	1	123
185	2	81
185	3	18
185	4	29
185	5	4
186	1	445
186	2	356
186	3	279
186	4	52
186	5	58
186	6	63
186	7	23
186	8	40
186	9	8
186	10	27
186	11	19
186	12	20
187	1	355
188	1	40
188	2	21
189	1	184
189	2	21
189	3	11
190	1	1
190	2	17
191	1	25
191	2	8
192	1	77
192	2	28
192	3	15
193	1	166
193	2	13
194	1	1750
194	2	991
194	3	314
194	4	25
195	1	510
195	2	252
195	3	8
197	1	69
198	1	343
198	2	437
198	3	88
199	1	286
199	2	218
199	3	28
200	1	22
201	1	441
201	2	114
201	3	32
202	1	291
202	2	42
202	3	17
203	1	66
203	2	70
203	3	75
204	1	195
204	2	25
205	1	129
205	2	120
205	3	62
206	1	116
206	2	157
207	1	640
207	2	104
207	3	86
207	4	50
207	5	58
208	1	815
208	2	90
209	1	199
209	2	53
209	3	10
210	1	43
210	2	20
211	1	69
212	1	14
213	1	171
214	1	55
216	1	6
216	2	7
217	1	52
217	2	14
218	1	286
218	2	42
218	3	39
219	1	250
219	2	365
219	3	115
219	4	4
220	1	459
220	2	181
220	3	13
221	1	21
221	2	20
221	3	49
222	1	287
222	2	164
223	1	314
223	2	75
223	3	147
224	1	180
224	2	155
224	3	153
224	4	26
224	5	19
226	1	90
226	2	140
226	3	43
226	4	14
227	1	372
227	2	125
228	1	345
229	1	128
229	2	46
229	3	17
229	4	15
230	1	207
230	2	175
231	1	87
231	2	45
231	3	35
231	4	66
231	5	39
231	6	28
231	7	29
231	8	3
232	1	591
232	2	246
232	3	117
232	4	113
232	5	30
233	1	522
233	2	364
233	3	175
234	1	296
234	2	348
234	3	64
235	1	372
235	2	220
235	3	5
235	4	14
236	1	430
236	2	237
236	3	37
236	4	16
237	1	34
237	2	56
238	1	74
238	2	23
239	1	87
239	2	73
239	3	95
239	4	10
240	1	24
240	2	8
241	1	479
241	2	292
242	1	341
242	2	126
243	1	69
244	1	44
244	2	39
245	1	174
245	2	24
246	1	145
246	2	88
247	1	176
247	2	36
247	3	7
248	1	245
248	2	150
249	1	805
249	2	111
250	1	134
250	2	98
250	3	63
251	1	1111
251	2	468
251	3	31
252	1	846
252	2	193
252	3	334
253	1	361
253	2	364
255	1	98
255	2	234
255	3	34
256	1	462
256	2	171
257	1	314
257	2	275
257	3	103
258	1	274
258	2	276
259	1	123
259	2	78
259	3	93
259	4	60
260	1	156
260	2	113
261	1	103
261	2	70
262	1	101
262	2	103
262	3	16
262	4	16
263	1	113
263	2	28
264	1	6
264	2	33
265	1	47
266	1	9
267	1	95
267	2	135
268	1	533
268	2	135
269	1	380
269	2	95
270	1	548
270	2	495
270	3	89
270	4	93
270	5	9
271	1	418
271	2	447
271	3	68
272	1	88
273	1	158
273	2	63
275	1	39
275	2	70
276	1	110
276	2	139
277	1	177
277	2	290
277	3	17
278	1	114
278	2	46
279	1	224
279	2	125
280	1	380
280	2	100
280	3	35
281	1	470
281	2	173
281	3	52
281	4	18
281	5	22
281	6	9
282	1	18
282	2	26
282	3	46
283	1	183
283	2	93
283	3	81
284	1	688
284	2	808
284	3	70
284	4	39
285	1	283
285	2	154
285	3	245
285	4	154
286	1	596
286	2	345
286	3	645
286	4	4
287	1	365
287	2	370
288	1	129
288	2	31
289	1	35
289	2	19
290	1	96
290	2	56
290	3	3
291	1	75
292	1	15
292	2	11
292	3	8
293	1	105
294	1	28
294	2	32
296	1	244
296	2	86
296	3	4
297	1	66
298	1	11
298	2	7
299	1	52
299	2	76
301	1	1593
301	2	977
301	3	204
301	4	27
301	5	99
301	6	36
301	7	30
301	8	17
302	1	60
302	2	54
303	1	366
303	2	167
303	3	77
304	1	45
304	2	80
305	1	89
305	2	118
308	1	92
308	2	48
308	3	44
309	1	403
309	2	68
310	1	181
310	2	59
310	3	80
310	4	5
310	5	10
311	1	156
311	2	213
311	3	89
311	4	14
312	1	2
313	1	14
313	2	14
314	1	47
314	2	12
315	1	17
315	2	9
317	1	45
317	2	34
318	1	36
318	2	83
318	3	43
319	1	628
319	2	205
319	3	27
319	4	45
320	1	12
321	1	496
321	2	88
322	1	107
322	2	72
323	1	32
323	2	47
324	1	199
324	2	51
325	1	2328
325	2	1264
325	3	207
325	4	76
325	5	74
325	6	59
325	7	12
326	1	162
326	2	182
327	1	143
327	2	78
328	1	279
328	2	74
329	1	40
329	2	38
330	1	9
331	1	330
331	2	46
332	1	335
332	2	253
332	3	54
332	4	26
332	5	24
333	1	45
333	2	15
334	1	391
334	2	102
334	3	21
334	4	5
335	1	379
335	2	155
335	3	62
336	1	111
336	2	244
337	1	237
337	2	308
337	3	26
340	1	163
341	1	265
341	2	56
342	1	21
343	1	101
343	2	118
343	3	3
344	1	178
344	2	135
344	3	145
345	1	180
346	1	885
346	2	340
346	3	306
346	4	150
346	5	133
346	6	60
347	1	97
347	2	129
347	3	170
347	4	64
347	5	36
348	1	110
348	2	81
349	1	80
349	2	37
350	1	387
350	2	369
350	3	57
350	4	19
351	1	58
351	2	194
352	1	109
352	2	58
352	3	8
353	1	93
353	2	127
354	1	143
354	2	841
354	3	98
354	4	66
354	5	53
355	1	152
355	2	23
355	3	13
355	4	13
356	1	242
356	2	205
356	3	217
356	4	11
357	1	84
357	2	168
357	3	18
358	1	313
358	2	117
359	1	97
359	2	121
359	3	10
360	1	518
360	2	111
361	1	236
361	2	250
361	3	14
362	1	36
362	2	59
362	3	55
363	1	263
363	2	68
364	1	98
364	2	101
365	1	120
366	1	65
366	2	46
367	1	46
368	1	13
368	2	18
369	1	84
369	2	140
370	1	31
371	1	18
371	2	33
372	1	260
372	2	158
372	3	28
373	1	427
373	2	53
373	3	38
374	1	103
374	2	163
374	3	19
375	1	251
376	1	327
376	2	181
376	3	108
377	1	610
378	1	102
378	2	156
378	3	141
379	1	247
379	2	244
380	1	135
380	2	72
380	3	57
381	1	179
381	2	125
382	1	93
382	2	90
382	3	90
382	4	32
383	1	403
383	2	473
383	3	180
383	4	169
383	5	131
383	6	21
383	7	16
383	8	21
383	9	7
383	10	10
383	11	33
383	12	6
384	1	86
385	1	674
385	2	250
386	1	694
386	2	473
387	1	1880
387	2	585
387	3	527
387	4	255
387	5	133
387	6	110
387	7	10
388	1	1795
388	2	322
388	3	213
388	4	191
388	5	129
388	6	37
388	7	13
388	8	22
389	1	823
389	2	311
389	3	42
390	1	194
391	1	487
391	2	386
391	3	31
392	1	315
393	1	252
393	2	130
394	1	139
394	2	264
394	3	87
395	1	321
396	1	416
396	2	176
399	1	172
399	2	43
400	1	282
400	2	210
401	1	188
401	2	14
403	1	1530
403	2	390
403	3	408
403	4	210
403	5	27
403	6	3
404	1	423
404	2	85
404	3	93
404	4	21
405	1	729
405	2	461
405	3	71
405	4	24
406	1	26
406	2	6
407	1	39
409	1	33
410	1	303
410	2	112
411	1	53
411	2	62
412	1	96
412	2	132
412	3	9
412	4	4
413	1	293
413	2	122
413	3	12
414	1	247
414	2	50
414	3	5
415	1	52
415	2	22
415	3	4
416	1	571
416	2	384
416	3	14
416	4	20
417	1	578
417	2	401
417	3	164
418	1	75
418	2	81
418	3	21
419	1	264
420	1	243
420	2	287
420	3	393
420	4	320
420	5	246
420	6	24
421	1	634
421	2	351
421	3	304
421	4	60
421	5	5
422	1	381
422	2	219
422	3	12
423	1	403
423	2	112
424	1	133
424	2	175
424	3	30
425	1	293
425	2	145
425	3	184
425	4	27
426	1	381
426	2	139
426	3	24
427	1	492
427	2	341
428	1	180
428	2	66
429	1	281
430	1	833
430	2	640
430	3	114
431	1	74
431	2	12
432	1	89
432	2	12
433	1	286
433	2	114
434	1	176
434	2	39
435	1	125
435	2	180
435	3	10
436	1	38
437	1	153
437	2	114
437	3	20
438	1	93
438	2	12
438	3	12
438	4	12
439	1	427
439	2	148
439	3	23
440	1	133
440	2	157
440	3	28
440	4	34
441	1	680
441	2	688
441	3	35
442	1	562
442	2	12
443	1	254
443	2	96
444	1	511
444	2	323
444	3	116
445	1	91
445	2	87
447	1	75
447	2	54
447	3	32
448	1	271
448	2	137
449	1	183
450	1	835
451	1	247
452	1	192
452	2	156
452	3	18
453	1	535
453	2	472
453	3	40
453	4	12
454	1	106
454	2	47
455	1	74
455	2	111
456	1	570
456	2	202
457	1	148
457	2	43
457	3	68
457	4	9
458	1	724
458	2	375
458	3	34
459	1	377
459	2	281
459	3	279
459	4	123
459	5	93
459	6	5
460	1	224
460	2	83
461	1	181
461	2	169
462	1	235
463	1	689
463	2	300
463	3	207
463	4	141
463	5	104
463	6	61
463	7	26
463	8	99
464	1	437
465	1	161
465	2	60
465	3	38
466	1	453
467	1	266
467	2	117
467	3	3
468	1	698
468	2	290
469	1	302
469	2	211
469	3	60
469	4	13
470	1	88
470	2	38
470	3	4
471	1	242
471	2	285
471	3	23
472	1	638
472	2	753
473	1	115
474	1	795
474	2	147
475	1	53
475	2	28
475	3	20
475	4	25
476	1	99
476	2	82
477	1	280
478	1	171
478	2	136
479	1	1078
480	1	350
481	1	144
481	2	12
482	1	176
482	2	154
483	1	397
483	2	43
484	1	690
484	2	247
484	3	132
484	4	84
484	5	26
484	6	3
485	1	841
485	2	288
486	1	219
487	1	14
487	2	33
488	1	16
488	2	37
489	1	175
489	2	131
489	3	70
489	4	17
489	5	3
490	1	322
490	2	194
490	3	6
491	1	471
491	2	276
491	3	14
492	1	1169
492	2	331
492	3	293
492	4	11
493	1	357
493	2	328
493	3	164
494	1	231
494	2	54
494	3	48
495	1	225
496	1	197
496	2	140
497	1	34
498	1	36
498	2	112
498	3	38
498	4	8
499	1	71
499	2	21
500	1	99
500	2	53
500	3	56
500	4	24
501	1	8
502	1	542
502	2	218
502	3	24
503	1	327
503	2	179
503	3	228
505	1	90
505	2	61
506	1	872
506	2	1010
506	3	135
506	4	56
506	5	10
507	1	763
507	2	803
507	3	159
507	4	11
508	1	143
508	2	85
508	3	106
508	4	59
508	5	111
508	6	18
508	7	22
510	1	917
510	2	155
511	1	399
511	2	369
511	3	182
511	4	168
512	1	1111
512	2	218
512	3	81
512	4	55
512	5	50
513	1	333
514	1	33
515	1	25
515	2	84
515	3	15
516	1	72
516	2	124
517	1	16
517	2	8
518	1	522
518	2	62
518	3	44
519	1	171
519	2	163
519	3	56
519	4	29
520	1	715
520	2	621
521	1	413
521	2	148
521	3	42
521	4	93
522	1	409
522	2	182
522	3	168
523	1	240
523	2	10
524	1	85
524	2	81
524	3	49
525	1	58
526	1	26
526	2	54
526	3	19
526	4	50
529	1	16
529	2	108
529	3	15
529	4	4
530	1	85
530	2	105
530	3	50
531	1	422
531	2	282
532	1	679
532	2	538
532	3	180
533	1	115
533	2	79
534	1	407
534	2	399
535	1	162
535	2	209
535	3	16
535	4	10
536	1	522
536	2	347
537	1	184
537	2	39
537	3	49
538	1	368
538	2	322
539	1	169
539	2	128
539	3	79
540	1	447
540	2	194
540	3	3
541	1	196
541	2	149
541	3	129
541	4	163
542	1	29
542	2	24
543	1	93
543	2	20
544	1	60
544	2	30
544	3	8
545	1	54
546	1	74
546	2	62
546	3	48
547	1	5
547	2	5
548	1	260
548	2	88
548	3	67
549	1	1030
549	2	607
549	3	179
550	1	191
550	2	402
551	1	400
551	2	197
551	3	111
552	1	287
553	1	613
553	2	603
553	3	121
553	4	5
554	1	60
554	2	7
555	1	72
555	2	96
555	3	63
555	4	57
556	1	777
556	2	257
556	3	185
556	4	76
556	5	38
557	1	160
557	2	23
557	3	19
558	1	1184
558	2	1604
558	3	77
559	1	1
560	1	233
560	2	23
560	3	7
561	1	226
561	2	241
562	1	92
562	2	9
563	1	145
563	2	132
563	3	27
564	1	125
564	2	215
565	1	114
565	2	49
566	1	151
566	2	154
567	1	62
567	2	34
568	1	526
568	2	324
568	3	263
568	4	5
569	1	55
569	2	12
569	3	9
570	1	403
570	2	246
570	3	102
570	4	41
570	5	6
571	1	155
572	1	419
573	1	143
573	2	119
574	1	155
574	2	3
574	3	5
575	1	112
575	2	168
576	1	57
576	2	66
576	3	9
577	1	243
577	2	132
578	1	864
578	2	588
578	3	204
578	4	107
578	5	59
579	1	157
579	2	293
579	3	9
580	1	196
580	2	31
580	3	19
581	1	136
581	2	28
582	1	147
582	2	16
583	1	207
583	2	118
584	1	459
584	2	107
584	3	58
585	1	552
585	2	168
585	3	149
586	1	259
586	2	297
586	3	34
587	1	1413
587	2	961
587	3	286
587	4	78
588	1	246
588	2	147
589	1	96
589	2	121
589	3	93
590	1	86
590	2	125
590	3	86
591	1	932
591	2	199
591	3	431
591	4	9
592	1	126
592	2	157
592	3	55
592	4	60
593	1	41
593	2	41
594	1	135
594	2	23
595	1	16
595	2	11
595	3	9
596	1	253
596	2	81
596	3	93
597	1	79
597	2	71
598	1	231
598	2	85
598	3	65
598	4	25
599	1	362
599	2	430
599	3	207
600	1	149
600	2	42
600	3	44
601	1	69
601	2	64
601	3	7
602	1	63
602	2	77
603	1	129
604	1	175
605	1	189
605	2	146
606	1	30
606	2	193
607	1	186
608	1	392
608	2	48
609	1	37
609	2	84
610	1	33
610	2	23
610	3	24
611	1	2544
611	2	508
611	3	242
611	4	66
611	5	122
611	6	81
611	7	23
611	8	27
611	9	11
611	10	6
612	1	473
612	2	331
612	3	166
612	4	142
612	5	25
613	1	126
613	2	193
613	3	62
613	4	4
614	1	454
614	2	314
614	3	49
614	4	16
615	1	335
615	2	434
615	3	77
616	1	474
616	2	185
617	1	37
617	2	16
617	3	9
618	1	104
618	2	87
619	1	173
619	2	144
619	3	197
619	4	4
620	1	109
620	2	18
620	3	34
621	1	72
621	2	145
622	1	99
622	2	51
622	3	106
623	1	402
623	2	157
624	1	22
625	1	40
625	2	27
626	1	40
626	2	43
626	3	40
627	1	21
628	1	5
628	2	10
629	1	879
629	2	414
629	3	105
630	1	30
630	2	4
631	1	19
632	1	111
632	2	83
633	1	30
633	2	38
633	3	6
633	4	11
635	1	60
635	2	79
635	3	23
636	1	201
636	2	190
636	3	44
637	1	491
638	1	22
638	2	27
639	1	44
639	2	10
640	1	22
640	2	14
642	1	68
642	2	90
643	1	349
643	2	119
643	3	8
644	1	78
644	2	19
645	1	327
645	2	12
646	1	268
646	2	67
647	1	55
647	2	25
647	3	5
648	1	104
648	2	25
649	1	560
649	2	85
649	3	4
650	1	127
650	2	78
650	3	100
650	4	10
651	1	7
651	2	72
651	3	22
652	1	16
652	2	22
653	1	8
653	2	38
654	1	292
654	2	100
654	3	12
654	4	5
655	1	195
655	2	121
655	3	25
656	1	900
656	2	442
657	1	425
657	2	351
658	1	652
658	2	118
659	1	867
659	2	56
660	1	359
660	2	83
660	3	15
661	1	697
661	2	496
662	1	108
662	2	120
663	1	91
663	2	51
663	3	16
664	1	149
664	2	22
665	1	191
666	1	1011
667	1	238
667	2	127
668	1	347
668	2	87
668	3	175
672	1	285
672	2	145
673	1	18
673	2	37
674	1	416
674	2	111
675	1	148
675	2	264
676	1	381
676	2	37
677	1	111
678	1	147
678	2	136
679	1	907
679	2	582
679	3	155
679	4	96
680	1	102
680	2	57
681	1	495
681	2	355
681	3	43
682	1	56
682	2	73
682	3	10
682	4	55
683	1	316
684	1	134
684	2	45
684	3	84
685	1	75
685	2	87
685	3	103
686	1	196
687	1	329
687	2	127
688	1	343
689	1	355
690	1	307
690	2	307
691	1	61
691	2	133
691	3	117
691	4	73
691	5	31
692	1	235
692	2	17
692	3	54
693	1	106
693	2	44
694	1	153
694	2	156
695	1	1146
695	2	735
695	3	235
696	1	152
697	1	450
697	2	305
698	1	10
698	2	20
699	1	1
699	2	32
700	1	412
700	2	260
700	3	6
701	1	37
701	2	65
702	1	107
702	2	92
703	1	344
703	2	328
703	3	129
703	4	28
704	1	73
704	2	15
705	1	122
706	1	24
707	1	73
707	2	20
708	1	733
708	2	642
708	3	45
709	1	25
710	1	27
710	2	63
710	3	9
711	1	67
711	2	23
712	1	473
712	2	58
713	1	428
713	2	184
715	1	202
715	2	42
715	3	64
715	4	6
716	1	362
716	2	209
716	3	76
717	1	458
717	2	305
717	3	55
718	1	41
718	2	9
718	3	80
719	1	268
721	1	177
722	1	5
722	2	87
722	3	84
723	1	138
724	1	31
724	2	47
725	1	1
726	1	32
727	1	101
727	2	124
728	1	16
728	2	11
728	3	19
729	1	303
730	1	12
731	1	66
731	2	45
732	1	279
732	2	272
732	3	84
733	1	227
733	2	212
733	3	75
733	4	298
734	1	169
734	2	139
734	3	57
735	1	180
735	2	68
736	1	96
736	2	50
737	1	204
738	1	243
738	2	217
739	1	271
739	2	174
739	3	124
740	1	23
740	2	41
740	3	99
741	1	60
741	2	120
741	3	100
742	1	17
744	1	311
744	2	93
745	1	269
746	1	211
746	2	67
747	1	100
747	2	54
747	3	70
748	1	144
749	1	253
749	2	142
750	1	112
750	2	63
750	3	13
751	1	124
751	2	181
751	3	106
751	4	55
752	1	757
752	2	497
753	1	56
754	1	463
754	2	392
755	1	237
755	2	137
756	1	265
756	2	177
757	1	18
759	1	18
761	1	64
761	2	169
761	3	55
762	1	651
762	2	367
762	3	143
762	4	41
762	5	22
763	1	700
763	2	598
763	3	141
763	4	39
764	1	416
764	2	123
764	3	59
764	4	71
764	5	92
764	6	9
765	1	922
765	2	764
765	3	375
765	4	91
765	5	6
766	1	107
767	1	378
767	2	150
767	3	17
767	4	7
768	1	560
768	2	169
768	3	254
769	1	604
769	2	380
769	3	17
769	4	8
770	1	1147
770	2	126
770	3	12
770	4	5
771	1	486
771	2	137
771	3	104
771	4	5
772	1	90
772	2	34
773	1	413
773	2	234
773	3	117
774	1	54
774	2	57
774	3	26
775	1	73
775	2	164
775	3	83
775	4	24
776	1	118
776	2	149
776	3	27
777	1	70
778	1	100
778	2	152
778	3	116
779	1	10
781	1	141
781	2	73
782	1	187
783	1	249
783	2	84
783	3	43
784	1	18
784	2	11
785	1	169
785	2	88
785	3	129
785	4	98
786	1	233
787	1	220
787	2	210
787	3	76
787	4	30
788	1	742
788	2	581
788	3	144
789	1	318
789	2	40
789	3	114
790	1	234
791	1	1030
791	2	886
791	3	98
791	4	163
791	5	59
791	6	74
791	7	69
791	8	88
791	9	79
791	10	11
791	11	6
792	1	126
792	2	98
793	1	189
793	2	33
794	1	126
794	2	61
795	1	37
795	2	33
796	1	548
797	1	211
797	2	168
797	3	107
797	4	15
798	1	135
800	1	2277
800	2	1324
800	3	74
800	4	182
800	5	299
800	6	150
800	7	202
800	8	71
800	9	3
801	1	1070
801	2	502
801	3	46
801	4	43
801	5	12
801	6	16
802	1	199
802	2	73
802	3	47
802	4	13
803	1	188
803	2	66
804	1	386
804	2	251
804	3	32
805	1	140
805	2	12
805	3	8
806	1	190
806	2	100
807	1	446
807	2	25
807	3	36
808	1	38
808	2	9
809	1	142
810	1	243
810	2	204
811	1	462
811	2	142
812	1	136
812	2	80
812	3	12
813	1	481
813	2	61
813	3	136
813	4	62
814	1	595
814	2	94
814	3	57
814	4	31
815	1	5
817	1	2
817	2	13
818	1	305
818	2	16
819	1	543
819	2	43
819	3	61
820	1	739
820	2	358
820	3	68
820	4	61
821	1	236
821	2	130
821	3	5
822	1	48
823	1	216
823	2	116
824	1	640
825	1	159
826	1	174
826	2	123
826	3	123
827	1	76
827	2	92
828	1	352
829	1	750
829	2	121
829	3	32
829	4	23
830	1	328
830	2	124
831	1	405
831	2	282
834	1	210
834	2	92
834	3	80
834	4	21
835	1	331
835	2	244
835	3	61
836	1	405
837	1	800
837	2	279
838	1	519
838	2	388
838	3	204
838	4	155
838	5	103
839	1	160
839	2	79
839	3	17
839	4	8
840	1	20
840	2	79
841	1	121
841	2	71
842	1	578
843	1	57
843	2	8
844	1	107
844	2	24
844	3	39
845	1	7
846	1	2
846	2	20
846	3	20
848	1	122
848	2	96
849	1	421
849	2	233
849	3	256
851	1	259
851	2	313
851	3	64
852	1	76
852	2	9
852	3	19
854	1	1
854	2	38
855	1	463
855	2	644
855	3	24
856	1	173
856	2	100
856	3	24
857	1	396
857	2	190
857	3	164
858	1	366
858	2	113
858	3	33
859	1	206
859	2	152
860	1	95
860	2	60
861	1	112
861	2	15
862	1	592
862	2	298
863	1	172
863	2	45
864	1	401
864	2	327
864	3	212
865	1	499
865	2	157
866	1	268
866	2	98
866	3	15
867	1	38
867	2	37
868	1	72
869	1	12
870	1	322
870	2	11
871	1	520
871	2	477
871	3	102
871	4	22
872	1	883
872	2	629
872	3	173
873	1	163
873	2	248
873	3	99
874	1	38
874	2	44
874	3	15
875	1	86
876	1	512
876	2	304
876	3	49
877	1	18
878	1	891
878	2	942
878	3	245
878	4	150
878	5	31
878	6	54
878	7	88
878	8	8
878	9	33
878	10	8
879	1	1171
879	2	720
879	3	264
879	4	68
879	5	13
880	1	148
880	2	17
881	1	520
881	2	318
881	3	103
882	1	67
882	2	33
882	3	68
884	1	37
884	2	18
885	1	2
885	2	10
886	1	411
886	2	114
886	3	21
886	4	10
887	1	71
888	1	164
888	2	188
889	1	13
890	1	83
890	2	81
891	1	628
891	2	563
892	1	100
892	2	179
893	1	17
894	1	586
895	1	192
896	1	17
896	2	11
896	3	37
896	4	11
897	1	122
897	2	90
897	3	103
897	4	7
898	1	53
898	2	46
898	3	8
899	1	343
899	2	40
900	1	266
900	2	153
900	3	41
901	1	102
901	2	76
901	3	7
902	1	294
902	2	52
903	1	15
903	2	41
904	1	543
904	2	292
905	1	179
905	2	81
905	3	62
906	1	89
907	1	543
907	2	94
908	1	84
908	2	47
909	1	369
909	2	100
909	3	20
909	4	27
910	1	380
910	2	77
910	3	8
911	1	215
911	2	151
911	3	117
911	4	87
912	1	180
912	2	272
912	3	98
912	4	22
913	1	133
913	2	286
913	3	94
914	1	464
914	2	280
914	3	62
914	4	83
915	1	58
915	2	69
916	1	37
917	1	161
917	2	143
918	1	313
918	2	135
919	1	53
920	1	213
920	2	19
921	1	112
921	2	115
922	1	14
922	2	37
923	1	50
924	1	436
924	2	214
925	1	156
925	2	145
926	1	606
926	2	230
927	1	255
927	2	43
927	3	126
928	1	173
928	2	160
928	3	79
928	4	65
929	1	180
929	2	216
929	3	54
930	1	46
930	2	40
930	3	37
931	1	124
931	2	65
932	1	145
932	2	93
933	1	1
933	2	2
934	1	381
934	2	57
934	3	61
935	1	116
935	2	64
936	1	144
936	2	143
936	3	52
937	1	85
937	2	142
937	3	23
939	1	51
939	2	36
940	1	207
940	2	67
941	1	1601
941	2	788
941	3	259
941	4	110
941	5	124
942	1	237
942	2	14
943	1	89
943	2	178
943	3	8
944	1	203
944	2	192
945	1	3
945	2	44
946	1	165
946	2	87
947	1	46
947	2	75
947	3	13
948	1	372
948	2	447
948	3	57
949	1	137
949	2	469
950	1	296
950	2	535
950	3	87
951	1	126
951	2	207
952	1	888
952	2	393
952	3	116
952	4	70
952	5	43
953	1	146
953	2	129
953	3	9
954	1	363
954	2	68
954	3	11
955	1	400
955	2	166
955	3	92
955	4	40
955	5	25
955	6	14
956	1	43
957	1	68
957	2	45
957	3	19
958	1	90
958	2	24
959	1	32
959	2	26
960	1	362
960	2	79
960	3	82
960	4	12
960	5	15
960	6	17
961	1	1145
961	2	964
961	3	110
961	4	27
962	1	700
962	2	469
963	1	1208
963	2	284
963	3	3
964	1	354
965	1	845
965	2	121
966	1	88
966	2	46
966	3	66
967	1	49
967	2	36
968	1	4
968	2	10
969	1	604
969	2	190
969	3	103
971	1	247
971	2	8
972	1	310
972	2	60
973	1	702
973	2	235
974	1	185
975	1	319
975	2	97
976	1	297
976	2	107
976	3	20
977	1	49
978	1	191
979	1	212
979	2	263
980	1	20
981	1	1
982	1	222
982	2	103
982	3	55
983	1	76
983	2	77
983	3	6
984	1	116
984	2	123
984	3	152
985	1	35
986	1	346
986	2	128
987	1	63
988	1	185
988	2	206
988	3	54
989	1	432
989	2	71
989	3	19
990	1	493
990	2	267
991	1	220
991	2	211
992	1	163
992	2	69
993	1	363
993	2	206
993	3	15
994	1	218
994	2	114
995	1	114
995	2	53
996	1	107
996	2	17
997	1	234
997	2	74
998	1	52
999	1	198
999	2	171
999	3	73
1000	1	215
1000	2	196
1000	3	191
1000	4	173
1001	1	391
1001	2	235
1001	3	68
1002	1	311
1002	2	206
1002	3	14
1003	1	42
1004	1	2
1004	2	5
1005	1	281
1005	2	358
1005	3	31
1006	1	2149
1006	2	313
1006	3	162
1006	4	40
1007	1	55
1008	1	12
1008	2	4
1009	1	334
1009	2	329
1009	3	11
1010	1	787
1010	2	214
1010	3	108
1010	4	94
1011	1	254
1011	2	96
1012	1	311
1012	2	144
1012	3	17
1013	1	141
1013	2	161
1013	3	91
1014	1	452
1014	2	237
1015	1	207
1015	2	61
1015	3	10
1015	4	8
1016	1	88
1016	2	160
1016	3	256
1016	4	70
1016	5	44
1016	6	12
1018	1	325
1018	2	158
1019	1	75
1019	2	17
1020	1	459
1020	2	283
1021	1	207
1021	2	17
1021	3	14
1022	1	260
1022	2	142
1022	3	21
1023	1	283
1023	2	19
1023	3	11
1024	1	219
1024	2	79
1025	1	58
1025	2	17
1026	1	375
1026	2	157
1027	1	191
1027	2	23
1028	1	182
1028	2	161
1029	1	284
1029	2	82
1030	1	370
1030	2	451
1031	1	42
1031	2	33
1031	3	77
1031	4	79
1032	1	32
1032	2	40
1032	3	5
1033	1	172
1033	2	5
1034	1	852
1034	2	216
1034	3	14
1034	4	25
1035	1	877
1035	2	458
1035	3	160
1035	4	15
1036	1	146
1036	2	135
1037	1	79
1038	1	161
1038	2	156
1038	3	124
1038	4	173
1039	1	221
1039	2	44
1040	1	147
1040	2	13
1040	3	5
1040	4	7
1041	1	175
1041	2	128
1041	3	34
1042	1	88
1042	2	14
1043	1	275
1043	2	70
1044	1	187
1045	1	46
1046	1	1
1047	1	50
1048	1	769
1048	2	372
1048	3	4
1049	1	356
1049	2	310
1050	1	905
1050	2	265
1050	3	147
1050	4	113
1050	5	46
1051	1	447
1052	1	241
1053	1	499
1053	2	306
1053	3	135
1053	4	90
1054	1	179
1054	2	219
1054	3	15
1055	1	176
1055	2	31
1057	1	105
1058	1	127
1058	2	57
1058	3	11
1059	1	2
1059	2	6
1059	3	38
1060	1	805
1060	2	181
1061	1	221
1061	2	79
1062	1	464
1062	2	99
1062	3	62
1063	1	336
1063	2	163
1064	1	26
1064	2	33
1065	1	4
1066	1	116
1066	2	116
1066	3	18
1068	1	239
1068	2	123
1068	3	13
1068	4	32
1068	5	5
1069	1	187
1069	2	15
1070	1	579
1070	2	298
1070	3	81
1070	4	5
1070	5	15
1071	1	730
1071	2	247
1071	3	13
1072	1	168
1072	2	93
1072	3	63
1072	4	37
1072	5	16
1072	6	5
1072	7	36
1073	1	147
1073	2	12
1074	1	115
1074	2	61
1074	3	36
1074	4	25
1075	1	26
1076	1	146
1076	2	50
1077	1	193
1077	2	124
1078	1	500
1078	2	94
1079	1	47
1079	2	69
1079	3	28
1080	1	238
1080	2	121
1081	1	39
1081	2	32
1082	1	161
1083	1	13
1083	2	28
1084	1	56
1084	2	99
1085	1	48
1085	2	172
1086	1	264
1086	2	44
1086	3	24
1087	1	37
1087	2	5
1089	1	367
1089	2	19
1090	1	453
1090	2	160
1091	1	86
1091	2	76
1092	1	17
1093	1	247
1093	2	159
1094	1	868
1094	2	259
1095	1	663
1095	2	417
1095	3	113
1096	1	74
1096	2	67
1096	3	29
1097	1	394
1097	2	107
1097	3	40
1097	4	25
1098	1	1
1099	1	284
1099	2	170
1099	3	54
1100	1	88
1100	2	42
1100	3	6
1100	4	50
1101	1	6
1102	1	69
1102	2	127
1103	1	502
1103	2	36
1104	1	236
1104	2	238
1104	3	46
1104	4	11
1105	1	96
1105	2	29
1105	3	16
1106	1	216
1106	2	206
1106	3	31
1106	4	41
1106	5	25
1106	6	16
1106	7	11
1106	8	7
1106	9	17
1107	1	20
1108	1	46
1108	2	5
1108	3	5
1109	1	176
1109	2	88
1109	3	44
1109	4	47
1109	5	8
1110	1	7
1111	1	14
1111	2	53
1111	3	25
1111	4	9
1111	5	3
1112	1	33
1113	1	551
1113	2	65
1113	3	6
1113	4	11
1114	1	175
1114	2	103
1114	3	48
1114	4	52
1115	1	292
1115	2	323
1115	3	136
1115	4	24
1115	5	103
1116	1	116
1117	1	173
1117	2	109
1117	3	45
1118	1	12
1118	2	30
1119	1	244
1119	2	191
1120	1	56
1120	2	19
1121	1	40
1121	2	19
